01 00:39, 150101 =>  120901,  72, 000849
01 01:26, 150101 =>  150601,  86, 000686
01 02:03, 150101 =>  110401,  66, 000644
01 02:41, 130101 =>  200201,  69, 000652
01 03:01, 150101 =>  020101,  37, 000300
01 03:29, 150101 =>  021601,  50, 000750
01 04:06, 150101 =>  110101,  68, 000019
01 04:18, 130101 =>  061101,  22, 000314
01 04:33, 130101 =>  160701,  28, 000337
01 05:14, 040101 =>  080201,  73, 000704
01 05:58, 040101 =>  050201,  81, 000770
01 06:51, 040101 =>  210501,  97, 000819
01 07:05, 130101 =>  220801,  25, 000257
01 07:24, 150101 =>  110401,  34, 000800
01 07:50, 150101 =>  090101,  48, 000531
01 08:22, 150101 =>  021401,  57, 000152
01 08:27, 040101 =>  051001,   9, 000613
01 09:12, 040101 =>  030201,  82, 000342
01 09:26, 040101 =>  040301,  26, 000602
01 09:38, 150101 =>  120401,  21, 000935
01 09:45, 040101 =>  170301,  14, 000895
01 09:47, 150101 =>  021801,   4, 000260
01 10:40, 150101 =>  120801,  96, 000331
01 11:25, 130101 =>  061101,  81, 000156
01 12:06, 040101 =>  180101,  74, 000984
01 12:36, 040101 =>  040401,  56, 000959
01 13:08, 040101 =>  080801,  58, 000365
01 13:53, 150101 =>  151001,  81, 000409
01 13:57, 040101 =>  051101,   7, 000761
01 13:59, 040101 =>  051001,   4, 000544
01 14:01, 040101 =>  230101,   4, 000710
01 14:45, 150101 =>  020801,  80, 000808
01 15:32, 150101 =>  020701,  86, 000800
01 15:58, 150101 =>  120101,  46, 000793
01 16:04, 040101 =>  210801,  11, 000423
01 16:17, 150101 =>  150801,  25, 000087
01 16:47, 150101 =>  020101,  53, 000817
01 16:53, 040101 =>  080901,  12, 000573
01 16:59, 130101 =>  130201,  11, 000506
01 17:07, 040101 =>  081001,  15, 000586
01 17:10, 040101 =>  030501,   4, 000221
01 17:31, 150101 =>  090501,  38, 000263
01 17:47, 150101 =>  150301,  30, 000402
01 17:55, 150101 =>  120401,  14, 000737
01 17:59, 150101 =>  120101,   8, 000377
01 18:06, 150101 =>  021501,  13, 000771
01 18:17, 040101 =>  030401,  20, 000820
01 18:20, 040101 =>  050701,   4, 000663
01 18:25, 150101 =>  150501,  10, 000986
01 18:28, 040101 =>  211301,   6, 000490
01 18:38, 150101 =>  190101,  17, 000069
01 19:15, 130101 =>  060701,  68, 000820
01 19:17, 150101 =>  150301,   4, 000126
01 19:19, 040101 =>  230201,   4, 000111
01 19:24, 150101 =>  021001,   9, 000157
01 19:49, 130101 =>  060401,  45, 000537
01 19:51, 150101 =>  021901,   4, 000482
01 19:58, 040101 =>  030701,  12, 000036
01 20:00, 150101 =>  100201,   3, 000092
01 20:02, 040101 =>  210701,   4, 000235
01 20:06, 150101 =>  110101,   7, 000146
01 20:15, 130101 =>  240301,  17, 000922
01 20:20, 040101 =>  080701,   9, 000495
01 20:22, 150101 =>  150401,   3, 000577
01 20:24, 040101 =>  080401,   5, 000656
01 20:33, 130101 =>  061101,  15, 000717
01 20:35, 040101 =>  210201,   4, 000660
01 20:36, 150101 =>  021501,   3, 000447
02 00:35, 150101 =>  120501,  65, 000830
02 01:15, 150101 =>  021401,  72, 000224
02 01:34, 150101 =>  120401,  34, 000800
02 01:47, 150101 =>  022001,  25, 000927
02 02:26, 150101 =>  100201,  71, 000203
02 02:30, 130101 =>  060801,   7, 000069
02 03:03, 150101 =>  100901,  60, 000825
02 03:44, 150101 =>  021601,  75, 000725
02 03:55, 150101 =>  020301,  20, 000430
02 04:48, 150101 =>  100801,  96, 000231
02 05:06, 150101 =>  100401,  33, 000892
02 05:08, 150101 =>  021701,   3, 000117
02 05:26, 150101 =>  090601,  32, 000685
02 05:28, 150101 =>  110201,   5, 000363
02 05:32, 150101 =>  021401,   6, 000256
02 05:41, 150101 =>  020701,  17, 000924
02 06:31, 150101 =>  120801,  90, 000268
02 06:35, 040101 =>  030701,   8, 000465
02 06:49, 150101 =>  150201,  26, 000571
02 07:07, 130101 =>  220401,  32, 000053
02 07:10, 150101 =>  100101,   6, 000575
02 07:16, 040101 =>  081101,  10, 000934
02 07:44, 040101 =>  050601,  51, 000977
02 07:46, 150101 =>  070101,   5, 000126
02 08:12, 150101 =>  120901,  46, 000769
02 08:22, 150101 =>  090201,  18, 000764
02 08:46, 150101 =>  190101,  45, 000140
02 08:54, 150101 =>  120601,  13, 000709
02 09:37, 040101 =>  080301,  79, 000446
02 10:14, 150101 =>  020701,  68, 000518
02 10:26, 150101 =>  150801,  21, 000381
02 10:43, 040101 =>  210901,  31, 000811
02 11:16, 150101 =>  150401,  60, 000148
02 12:09, 040101 =>  180101,  96, 000746
02 12:25, 150101 =>  021601,  29, 000648
02 13:02, 130101 =>  221001,  68, 000794
02 13:13, 150101 =>  110501,  19, 000645
02 13:15, 040101 =>  230401,   4, 000280
02 13:29, 040101 =>  230201,  26, 000106
02 14:18, 040101 =>  230401,  89, 000352
02 15:12, 130101 =>  061301,  98, 000678
02 15:54, 040101 =>  211301,  76, 000899
02 16:22, 130101 =>  130401,  52, 000949
02 16:28, 130101 =>  061301,  10, 000504
02 16:33, 150101 =>  120101,  10, 000796
02 16:43, 130101 =>  061301,  18, 000603
02 16:49, 150101 =>  110501,  10, 000151
02 16:58, 150101 =>  101001,  16, 000355
02 17:07, 150101 =>  070101,  18, 000733
02 17:19, 150101 =>  090401,  21, 000482
02 17:43, 040101 =>  030501,  44, 000768
02 17:50, 040101 =>  210101,  12, 000784
02 18:00, 130101 =>  131201,  18, 000744
02 18:05, 150101 =>  020101,   9, 000433
02 18:06, 130101 =>  200201,   3, 000458
02 18:09, 150101 =>  090501,   5, 000515
02 18:11, 150101 =>  021101,   3, 000530
02 18:13, 150101 =>  020901,   5, 000948
02 18:42, 040101 =>  081101,  51, 000482
02 19:01, 040101 =>  050401,  36, 000962
02 19:05, 130101 =>  130601,   6, 000534
02 19:07, 150101 =>  120701,   4, 000458
02 19:33, 130101 =>  060201,  48, 000268
02 19:38, 130101 =>  130201,   9, 000954
02 19:50, 040101 =>  210601,  22, 000807
02 19:56, 040101 =>  230201,  11, 000219
02 20:12, 130101 =>  060601,  28, 000910
02 20:21, 040101 =>  210501,  16, 000719
02 20:24, 150101 =>  070101,   7, 000043
02 20:36, 130101 =>  220201,  22, 000813
02 20:39, 150101 =>  120401,   5, 000825
02 20:42, 130101 =>  220901,   5, 000173
02 20:46, 040101 =>  180201,   7, 000854
02 20:48, 150101 =>  150601,   4, 000182
02 20:49, 150101 =>  100801,   1, 000869
03 00:06, 040101 =>  230101,  12, 000235
03 00:23, 150101 =>  090601,  30, 000706
03 00:31, 040101 =>  180101,  16, 000049
03 00:34, 150101 =>  021801,   5, 000169
03 00:40, 130101 =>  240301,  10, 000093
03 01:03, 040101 =>  050501,  42, 000139
03 01:06, 130101 =>  220701,   6, 000008
03 01:25, 150101 =>  021901,  35, 000365
03 01:30, 150101 =>  021101,   9, 000365
03 01:52, 130101 =>  220101,  39, 000499
03 02:10, 150101 =>  021701,  34, 000428
03 02:26, 150101 =>  150801,  29, 000978
03 02:30, 150101 =>  090301,   7, 000124
03 03:00, 150101 =>  120301,  54, 000499
03 03:44, 040101 =>  180101,  81, 000165
03 04:09, 150101 =>  100301,  44, 000340
03 04:39, 150101 =>  150701,  56, 000181
03 05:01, 150101 =>  090701,  39, 000987
03 05:03, 150101 =>  190101,   4, 000974
03 05:17, 130101 =>  200401,  25, 000705
03 06:06, 130101 =>  160701,  90, 000812
03 06:18, 040101 =>  211101,  21, 000804
03 06:54, 150101 =>  021301,  66, 000980
03 07:21, 040101 =>  210601,  48, 000599
03 07:56, 150101 =>  100401,  65, 000892
03 08:48, 150101 =>  100901,  94, 000331
03 09:17, 130101 =>  131201,  53, 000794
03 09:45, 130101 =>  240101,  50, 000269
03 10:40, 150101 =>  020401, 100, 000720
03 11:35, 150101 =>  120701, 100, 000694
03 12:01, 040101 =>  050801,  47, 000347
03 12:38, 150101 =>  021201,  68, 000314
03 13:02, 130101 =>  010301,  43, 000800
03 13:24, 150101 =>  020701,  40, 000392
03 14:00, 150101 =>  021601,  67, 000999
03 14:23, 150101 =>  120801,  41, 000280
03 14:29, 040101 =>  030501,  10, 000051
03 15:09, 040101 =>  210801,  73, 000225
03 15:12, 130101 =>  200601,   6, 000645
03 15:43, 150101 =>  020701,  56, 000956
03 16:26, 040101 =>  180101,  78, 000697
03 16:31, 130101 =>  010301,  10, 000805
03 16:34, 040101 =>  180301,   5, 000380
03 16:47, 150101 =>  110101,  24, 000097
03 17:20, 040101 =>  250101,  60, 000727
03 17:22, 130101 =>  061001,   4, 000633
03 17:28, 150101 =>  120301,  11, 000851
03 17:38, 150101 =>  150801,  17, 000567
03 17:54, 130101 =>  130901,  30, 000954
03 18:05, 130101 =>  160801,  19, 000262
03 18:11, 150101 =>  150401,  11, 000214
03 18:20, 150101 =>  120801,  16, 000637
03 18:22, 150101 =>  120901,   4, 000151
03 18:24, 150101 =>  190301,   4, 000494
03 18:48, 040101 =>  230401,  43, 000296
03 18:59, 040101 =>  030301,  20, 000215
03 19:02, 150101 =>  020701,   6, 000173
03 19:21, 040101 =>  030201,  35, 000339
03 19:27, 150101 =>  020601,  10, 000412
03 19:29, 040101 =>  170201,   5, 000206
03 19:33, 150101 =>  100801,   6, 000835
03 19:42, 040101 =>  211201,  17, 000317
03 19:45, 040101 =>  210601,   6, 000127
03 19:48, 150101 =>  021501,   4, 000047
03 20:01, 040101 =>  040301,  25, 000287
03 20:06, 040101 =>  081301,   9, 000403
03 20:08, 150101 =>  120401,   4, 000989
03 20:12, 150101 =>  100201,   6, 000594
03 20:14, 150101 =>  020601,   4, 000995
03 20:19, 130101 =>  130901,  10, 000649
03 20:22, 150101 =>  090501,   4, 000903
03 20:34, 130101 =>  240201,  23, 000632
03 20:40, 040101 =>  210801,  10, 000357
03 20:44, 040101 =>  170101,   7, 000230
03 20:48, 040101 =>  030501,   8, 000050
03 20:50, 150101 =>  020501,   4, 000078
04 00:31, 040101 =>  050901,  57, 000132
04 00:58, 040101 =>  081301,  50, 000546
04 01:06, 150101 =>  021001,  14, 000300
04 02:01, 150101 =>  120401, 100, 000888
04 02:03, 150101 =>  100201,   4, 000335
04 02:16, 150101 =>  120801,  23, 000547
04 02:22, 150101 =>  101001,  11, 000484
04 02:46, 130101 =>  221001,  43, 000534
04 02:51, 130101 =>  130801,   9, 000168
04 02:56, 130101 =>  200101,   9, 000124
04 03:20, 150101 =>  100201,  45, 000939
04 03:56, 150101 =>  090101,  65, 000318
04 04:22, 130101 =>  010201,  48, 000387
04 05:08, 150101 =>  021801,  82, 000126
04 05:45, 150101 =>  021001,  68, 000099
04 06:00, 150101 =>  100401,  27, 000080
04 06:05, 150101 =>  110101,   9, 000624
04 06:07, 130101 =>  010501,   5, 000808
04 06:15, 040101 =>  080501,  14, 000159
04 06:38, 150101 =>  151001,  41, 000527
04 07:24, 150101 =>  020401,  84, 000807
04 07:47, 150101 =>  101101,  42, 000424
04 08:00, 130101 =>  160101,  23, 000381
04 08:32, 150101 =>  020101,  58, 000795
04 08:44, 040101 =>  040201,  22, 000435
04 09:02, 040101 =>  030701,  34, 000533
04 09:26, 150101 =>  021701,  43, 000662
04 09:56, 150101 =>  021401,  55, 000712
04 10:28, 040101 =>  030601,  58, 000344
04 10:42, 130101 =>  200201,  25, 000226
04 10:46, 040101 =>  040601,   7, 000863
04 10:52, 150101 =>  100601,  12, 000678
04 11:44, 150101 =>  110401,  94, 000865
04 11:52, 130101 =>  220301,  15, 000934
04 12:34, 130101 =>  010201,  76, 000136
04 12:50, 040101 =>  040401,  29, 000037
04 13:01, 040101 =>  210401,  19, 000435
04 13:07, 040101 =>  050301,  12, 000593
04 13:46, 150101 =>  090301,  71, 000278
04 14:11, 150101 =>  150801,  45, 000066
04 14:24, 040101 =>  210901,  24, 000782
04 14:33, 040101 =>  030701,  16, 000589
04 15:05, 150101 =>  020501,  58, 000503
04 15:27, 150101 =>  110401,  40, 000702
04 15:29, 150101 =>  101101,   4, 000295
04 16:11, 040101 =>  081301,  76, 000334
04 16:15, 150101 =>  020601,   8, 000165
04 16:20, 150101 =>  150701,   9, 000689
04 16:24, 130101 =>  220701,   7, 000087
04 16:37, 150101 =>  020201,  23, 000888
04 16:43, 150101 =>  120601,  11, 000115
04 16:48, 150101 =>  110301,  10, 000793
04 16:50, 150101 =>  190201,   4, 000722
04 17:09, 040101 =>  050801,  33, 000829
04 17:15, 150101 =>  110501,  11, 000741
04 17:43, 130101 =>  060401,  52, 000307
04 17:47, 150101 =>  100301,   7, 000844
04 18:13, 130101 =>  221001,  48, 000188
04 18:24, 130101 =>  220401,  19, 000908
04 18:27, 150101 =>  150901,   6, 000912
04 18:29, 150101 =>  100801,   4, 000156
05 00:15, 040101 =>  080501,  29, 000749
05 01:00, 150101 =>  020501,  81, 000158
05 01:13, 150101 =>  150401,  23, 000855
05 01:26, 040101 =>  230401,  25, 000427
05 02:01, 150101 =>  021901,  63, 000801
05 02:18, 040101 =>  170101,  31, 000073
05 02:35, 150101 =>  070101,  30, 000297
05 03:19, 150101 =>  110401,  80, 000843
05 04:01, 130101 =>  010401,  77, 000518
05 04:29, 040101 =>  080301,  51, 000479
05 05:09, 150101 =>  090501,  72, 000197
05 05:28, 150101 =>  120901,  36, 000534
05 05:39, 040101 =>  030401,  19, 000239
05 05:55, 150101 =>  020401,  29, 000283
05 06:13, 040101 =>  030401,  33, 000880
05 07:06, 130101 =>  220101,  96, 000518
05 07:42, 150101 =>  100201,  65, 000895
05 08:33, 150101 =>  090401,  93, 000990
05 08:37, 150101 =>  021201,   8, 000386
05 08:43, 040101 =>  230301,  10, 000938
05 09:13, 150101 =>  090201,  55, 000991
05 09:16, 040101 =>  030201,   5, 000076
05 09:41, 040101 =>  050901,  46, 000802
05 10:00, 040101 =>  230101,  34, 000975
05 10:33, 040101 =>  180101,  61, 000501
05 11:07, 130101 =>  010101,  62, 000964
05 11:22, 130101 =>  010101,  27, 000966
05 12:08, 040101 =>  050401,  83, 000519
05 12:36, 130101 =>  200301,  52, 000577
05 12:54, 150101 =>  021501,  33, 000058
05 13:23, 150101 =>  021001,  51, 000669
05 13:58, 040101 =>  050301,  64, 000029
05 14:48, 150101 =>  151001,  91, 000788
05 15:01, 150101 =>  120101,  24, 000909
05 15:38, 040101 =>  081201,  67, 000286
05 16:08, 150101 =>  190301,  55, 000130
05 16:17, 040101 =>  040501,  17, 000034
05 16:38, 040101 =>  030401,  38, 000000
05 17:18, 150101 =>  021501,  73, 000606
05 17:56, 150101 =>  150801,  69, 000087
05 18:11, 130101 =>  060501,  27, 000102
05 18:32, 150101 =>  100401,  37, 000376
05 18:42, 040101 =>  210501,  18, 000366
05 18:46, 040101 =>  210301,   9, 000153
05 19:08, 130101 =>  140101,  40, 000172
05 19:15, 040101 =>  080101,  12, 000586
05 19:23, 130101 =>  130501,  14, 000901
05 19:30, 150101 =>  150401,  14, 000925
05 19:38, 150101 =>  070101,  13, 000791
05 19:48, 150101 =>  150801,  19, 000229
05 19:51, 150101 =>  120101,   5, 000198
05 19:56, 040101 =>  210901,   9, 000674
05 19:59, 040101 =>  050801,   6, 000464
05 20:06, 150101 =>  101101,  12, 000663
05 20:16, 150101 =>  090501,  19, 000513
05 20:22, 150101 =>  022001,  10, 000500
05 20:28, 130101 =>  060501,  11, 000202
05 20:32, 130101 =>  010501,   7, 000561
05 20:33, 150101 =>  021401,   3, 000434
05 20:43, 130101 =>  220201,  17, 000148
05 20:49, 150101 =>  020301,  11, 000691
05 20:51, 130101 =>  060101,   4, 000409
05 20:54, 150101 =>  020601,   6, 000885
05 20:56, 150101 =>  020801,   4, 000843
05 20:58, 150101 =>  100601,   4, 000096
05 21:04, 130101 =>  200201,  10, 000982
05 21:06, 130101 =>  010501,   3, 000654
05 21:09, 130101 =>  220101,   6, 000077
05 21:09, 150101 =>  110101,   1, 000719
06 00:02, 040101 =>  080201,   5, 000937
06 00:52, 150101 =>  020101,  93, 000032
06 01:05, 150101 =>  100601,  24, 000632
06 01:24, 130101 =>  010501,  36, 000267
06 02:12, 040101 =>  210301,  90, 000416
06 02:18, 150101 =>  090501,  12, 000769
06 02:24, 150101 =>  120901,  10, 000312
06 03:15, 150101 =>  120601,  97, 000376
06 03:48, 040101 =>  210201,  61, 000189
06 04:33, 130101 =>  220301,  84, 000705
06 04:38, 150101 =>  020501,  10, 000096
06 05:07, 040101 =>  180101,  54, 000302
06 05:25, 150101 =>  190201,  35, 000819
06 05:31, 040101 =>  210101,  10, 000977
06 05:56, 040101 =>  050501,  48, 000335
06 06:42, 150101 =>  120901,  85, 000166
06 07:30, 150101 =>  021501,  91, 000279
06 08:12, 150101 =>  150501,  78, 000125
06 08:29, 150101 =>  110301,  33, 000346
06 09:05, 150101 =>  020601,  67, 000276
06 09:22, 150101 =>  020501,  32, 000082
06 09:28, 150101 =>  020401,  10, 000954
06 09:47, 150101 =>  120101,  36, 000999
06 09:52, 040101 =>  050801,  10, 000804
06 10:16, 130101 =>  140101,  45, 000618
06 10:52, 040101 =>  051101,  68, 000184
06 11:03, 150101 =>  021401,  20, 000065
06 11:42, 150101 =>  120201,  74, 000133
06 11:46, 150101 =>  090501,   6, 000938
06 12:26, 040101 =>  210201,  76, 000141
06 13:10, 150101 =>  120901,  83, 000182
06 13:36, 150101 =>  021101,  47, 000545
06 14:03, 150101 =>  120101,  52, 000270
06 14:22, 130101 =>  130401,  36, 000128
06 14:51, 040101 =>  040301,  53, 000865
06 15:10, 150101 =>  100101,  37, 000888
06 15:17, 130101 =>  140201,  12, 000688
06 15:29, 150101 =>  021901,  22, 000297
06 15:46, 150101 =>  110101,  33, 000274
06 16:13, 040101 =>  050401,  50, 000465
06 16:17, 150101 =>  150801,   8, 000721
06 16:44, 130101 =>  220401,  50, 000939
06 16:59, 150101 =>  021801,  28, 000173
06 17:17, 040101 =>  050901,  34, 000110
06 17:26, 150101 =>  190201,  17, 000151
06 17:33, 150101 =>  120701,  13, 000282
06 17:34, 150101 =>  150201,   3, 000860
06 17:38, 150101 =>  110301,   7, 000404
06 18:03, 040101 =>  170101,  46, 000138
06 18:05, 150101 =>  020201,   4, 000480
06 18:08, 150101 =>  150601,   5, 000817
06 18:17, 130101 =>  160701,  17, 000767
06 18:20, 150101 =>  190201,   7, 000830
06 18:39, 040101 =>  050201,  35, 000701
06 19:06, 130101 =>  220601,  50, 000908
06 19:09, 150101 =>  090701,   6, 000758
06 19:11, 150101 =>  022001,   4, 000811
06 19:18, 130101 =>  160101,  13, 000863
06 19:20, 150101 =>  100101,   4, 000078
06 19:28, 130101 =>  060601,  15, 000192
06 19:33, 130101 =>  130401,   9, 000825
06 19:37, 040101 =>  030201,   7, 000523
06 19:39, 130101 =>  060101,   4, 000039
06 19:41, 150101 =>  120801,   5, 000436
06 19:55, 130101 =>  160301,  26, 000990
06 20:04, 130101 =>  130901,  17, 000283
06 20:08, 130101 =>  160601,   7, 000710
06 20:18, 040101 =>  210701,  19, 000710
06 20:20, 150101 =>  120601,   3, 000067
06 20:29, 130101 =>  220101,  17, 000809
06 20:33, 040101 =>  180201,   8, 000754
06 20:38, 040101 =>  250201,   9, 000563
07 00:19, 130101 =>  130501,  36, 000665
07 00:23, 150101 =>  020501,   6, 000362
07 01:15, 150101 =>  020101,  95, 000933
07 01:18, 040101 =>  210201,   5, 000002
07 01:59, 150101 =>  120401,  76, 000900
07 02:51, 150101 =>  150901,  93, 000813
07 03:35, 040101 =>  081001,  81, 000695
07 03:38, 130101 =>  010201,   5, 000086
07 04:25, 150101 =>  120201,  86, 000722
07 04:57, 150101 =>  150501,  57, 000368
07 05:08, 130101 =>  240301,  20, 000689
07 05:47, 150101 =>  070101,  72, 000803
07 06:36, 150101 =>  101101,  88, 000721
07 07:20, 150101 =>  021301,  81, 000866
07 07:29, 150101 =>  120601,  16, 000288
07 07:59, 150101 =>  020701,  54, 000474
07 08:47, 040101 =>  030301,  88, 000089
07 08:55, 150101 =>  100801,  15, 000550
07 09:41, 130101 =>  220101,  83, 000409
07 10:32, 130101 =>  220201,  93, 000246
07 10:43, 150101 =>  150701,  20, 000806
07 11:24, 150101 =>  120701,  75, 000702
07 11:57, 040101 =>  180201,  59, 000984
07 12:33, 130101 =>  060301,  66, 000029
07 12:36, 040101 =>  180201,   5, 000418
07 12:54, 040101 =>  080801,  34, 000215
07 12:59, 150101 =>  150901,   8, 000522
07 13:34, 040101 =>  050301,  64, 000760
07 13:59, 130101 =>  131001,  46, 000587
07 14:11, 040101 =>  040501,  22, 000001
07 14:37, 150101 =>  020601,  47, 000062
07 14:59, 130101 =>  200101,  40, 000189
07 15:05, 040101 =>  030701,  10, 000829
07 15:32, 150101 =>  020401,  50, 000596
07 15:44, 130101 =>  060901,  21, 000641
07 16:11, 150101 =>  100401,  50, 000319
07 16:17, 040101 =>  250101,  10, 000099
07 16:50, 150101 =>  120301,  60, 000903
07 16:55, 150101 =>  150501,  10, 000096
07 17:05, 130101 =>  200601,  18, 000760
07 17:54, 040101 =>  210901,  89, 000101
07 18:01, 130101 =>  010601,  12, 000286
07 18:43, 040101 =>  040301,  77, 000221
07 18:48, 130101 =>  200501,   9, 000456
07 19:07, 150101 =>  150801,  34, 000191
07 19:14, 150101 =>  120101,  13, 000749
07 19:19, 130101 =>  061001,   9, 000084
07 19:23, 130101 =>  060801,   8, 000325
07 19:40, 150101 =>  090301,  30, 000224
07 20:02, 040101 =>  230201,  41, 000608
07 20:14, 040101 =>  081201,  22, 000865
07 20:24, 150101 =>  110401,  18, 000577
07 20:27, 130101 =>  060401,   4, 000393
07 20:29, 150101 =>  020601,   4, 000133
07 20:30, 130101 =>  240201,   3, 000371
07 20:33, 130101 =>  220301,   4, 000910
07 20:50, 040101 =>  040301,  31, 000840
07 20:55, 150101 =>  110101,   9, 000999
07 20:58, 040101 =>  080901,   7, 000891
07 20:59, 130101 =>  130801,   1, 000525
07 21:03, 150101 =>  110201,   7, 000412
07 21:06, 150101 =>  090201,   5, 000360
07 21:13, 040101 =>  080301,  13, 000295
07 21:15, 150101 =>  100801,   4, 000346
07 21:18, 150101 =>  100401,   6, 000203
08 00:25, 150101 =>  120601,  48, 000333
08 01:01, 150101 =>  150401,  67, 000663
08 01:11, 150101 =>  150301,  19, 000708
08 01:34, 130101 =>  240201,  44, 000412
08 02:18, 150101 =>  020201,  82, 000835
08 02:27, 040101 =>  081301,  16, 000554
08 02:59, 150101 =>  020301,  60, 000459
08 03:22, 150101 =>  120201,  44, 000887
08 03:24, 040101 =>  040801,   3, 000202
08 03:44, 040101 =>  050901,  37, 000361
08 04:14, 130101 =>  200501,  57, 000779
08 04:54, 150101 =>  150401,  76, 000471
08 05:15, 150101 =>  150701,  38, 000308
08 05:45, 150101 =>  100801,  56, 000317
08 05:49, 130101 =>  160101,   9, 000940
08 06:43, 040101 =>  081301, 100, 000071
08 07:06, 040101 =>  180201,  43, 000965
08 07:07, 150101 =>  100101,   3, 000737
08 07:36, 040101 =>  030501,  53, 000608
08 07:54, 040101 =>  210401,  34, 000500
08 08:25, 130101 =>  240201,  59, 000097
08 08:43, 150101 =>  120901,  34, 000245
08 09:33, 040101 =>  030601,  94, 000430
08 10:17, 150101 =>  190301,  81, 000102
08 10:31, 040101 =>  230401,  27, 000741
08 10:41, 130101 =>  130501,  19, 000910
08 11:15, 130101 =>  200501,  63, 000181
08 11:36, 150101 =>  110101,  39, 000783
08 12:06, 150101 =>  100201,  58, 000576
08 12:27, 040101 =>  180301,  38, 000894
08 12:36, 150101 =>  021301,  17, 000149
08 13:02, 130101 =>  130901,  49, 000179
08 13:28, 150101 =>  100801,  48, 000633
08 13:44, 150101 =>  100901,  31, 000883
08 14:18, 150101 =>  021301,  64, 000912
08 14:36, 150101 =>  090201,  34, 000776
08 15:23, 150101 =>  021001,  87, 000327
08 15:54, 040101 =>  030501,  58, 000101
08 16:08, 130101 =>  130201,  26, 000452
08 16:22, 130101 =>  130801,  28, 000093
08 16:39, 150101 =>  100501,  31, 000711
08 16:41, 150101 =>  150201,   4, 000698
08 17:08, 150101 =>  020501,  51, 000102
08 17:20, 040101 =>  080501,  21, 000064
08 17:49, 040101 =>  050801,  56, 000453
08 18:09, 150101 =>  020401,  37, 000013
08 18:18, 040101 =>  050201,  17, 000931
08 18:27, 150101 =>  090601,  16, 000561
08 18:34, 150101 =>  021401,  13, 000466
08 18:47, 130101 =>  200601,  25, 000231
08 18:58, 130101 =>  130901,  21, 000847
08 19:07, 150101 =>  110401,  16, 000217
08 19:18, 130101 =>  240301,  22, 000378
08 19:29, 150101 =>  090401,  19, 000518
08 19:31, 150101 =>  021501,   5, 000323
08 19:38, 150101 =>  100201,  12, 000458
08 19:58, 040101 =>  081101,  39, 000071
08 20:02, 150101 =>  120201,   7, 000484
08 20:04, 040101 =>  211201,   3, 000387
08 20:13, 040101 =>  030201,  18, 000072
08 20:17, 150101 =>  190201,   7, 000640
08 20:19, 150101 =>  022001,   4, 000751
08 20:31, 040101 =>  030701,  22, 000040
08 20:32, 150101 =>  120701,   1, 000811
09 00:14, 150101 =>  100801,  27, 000798
09 00:34, 150101 =>  021501,  38, 000018
09 00:35, 150101 =>  190201,   2, 000615
09 01:01, 150101 =>  020501,  49, 000375
09 01:21, 040101 =>  211201,  36, 000433
09 01:24, 150101 =>  090701,   6, 000375
09 01:25, 150101 =>  150501,   3, 000781
09 01:57, 150101 =>  021101,  60, 000391
09 02:45, 040101 =>  040301,  90, 000458
09 02:53, 150101 =>  100501,  14, 000665
09 02:57, 040101 =>  170101,   7, 000860
09 03:42, 150101 =>  020201,  86, 000952
09 04:29, 150101 =>  090701,  87, 000154
09 04:58, 130101 =>  060101,  55, 000786
09 05:14, 150101 =>  120101,  29, 000441
09 05:49, 150101 =>  110101,  67, 000665
09 06:43, 150101 =>  150301, 100, 000171
09 07:34, 150101 =>  120701,  96, 000940
09 08:26, 150101 =>  021901,  97, 000453
09 08:45, 150101 =>  110301,  37, 000479
09 09:18, 040101 =>  210701,  61, 000720
09 09:29, 130101 =>  200401,  20, 000909
09 09:35, 130101 =>  130201,  12, 000544
09 10:11, 150101 =>  020801,  67, 000398
09 10:47, 130101 =>  010201,  68, 000574
09 11:11, 130101 =>  160101,  45, 000053
09 11:18, 150101 =>  150601,  13, 000417
09 12:00, 040101 =>  050601,  79, 000415
09 12:31, 150101 =>  020101,  58, 000438
09 12:50, 150101 =>  020201,  36, 000737
09 13:09, 040101 =>  081101,  36, 000770
09 13:34, 130101 =>  200601,  46, 000358
09 13:49, 150101 =>  020901,  29, 000210
09 14:09, 150101 =>  150401,  36, 000662
09 14:11, 150101 =>  070101,   4, 000991
09 14:49, 130101 =>  221001,  72, 000775
09 14:54, 040101 =>  051001,   9, 000436
09 15:32, 040101 =>  030701,  71, 000250
09 15:58, 150101 =>  020101,  49, 000519
09 16:24, 130101 =>  220201,  48, 000985
09 16:27, 130101 =>  160401,   6, 000991
09 16:41, 150101 =>  150301,  27, 000768
09 16:43, 150101 =>  100301,   3, 000619
09 16:51, 130101 =>  010401,  16, 000990
09 17:25, 040101 =>  180201,  64, 000979
09 17:49, 040101 =>  250101,  45, 000597
09 17:54, 150101 =>  120701,   8, 000458
09 18:05, 130101 =>  061101,  21, 000846
09 18:10, 150101 =>  020601,   9, 000095
09 18:16, 150101 =>  021801,  12, 000172
09 18:21, 150101 =>  150601,   9, 000729
09 18:28, 040101 =>  080301,  13, 000804
09 18:30, 150101 =>  021801,   4, 000899
09 18:32, 150101 =>  110501,   4, 000255
09 18:37, 150101 =>  100801,  10, 000362
09 18:43, 150101 =>  021701,  10, 000114
09 18:46, 150101 =>  090501,   7, 000437
09 18:55, 130101 =>  220701,  16, 000003
09 18:59, 150101 =>  090601,   8, 000246
09 19:02, 130101 =>  130601,   6, 000834
09 19:06, 130101 =>  220101,   7, 000445
09 19:33, 040101 =>  081001,  50, 000435
09 19:37, 130101 =>  200401,   7, 000864
09 19:40, 150101 =>  100101,   7, 000949
09 19:42, 150101 =>  100901,   4, 000613
09 20:06, 040101 =>  170301,  44, 000788
09 20:07, 150101 =>  101101,   2, 000643
10 00:14, 150101 =>  021301,  28, 000908
10 00:44, 150101 =>  100101,  55, 000549
10 01:09, 150101 =>  120901,  47, 000092
10 01:52, 040101 =>  030701,  80, 000175
10 02:01, 150101 =>  190101,  17, 000867
10 02:10, 150101 =>  020501,  18, 000003
10 02:38, 150101 =>  020901,  52, 000551
10 03:21, 040101 =>  250401,  81, 000118
10 04:09, 150101 =>  100101,  90, 000040
10 04:36, 040101 =>  040601,  51, 000444
10 04:52, 130101 =>  240101,  30, 000899
10 05:31, 150101 =>  020301,  72, 000203
10 06:10, 130101 =>  130701,  74, 000396
10 06:18, 150101 =>  090501,  15, 000045
10 06:21, 150101 =>  100301,   6, 000099
10 06:26, 150101 =>  022001,   9, 000468
10 06:56, 130101 =>  220201,  55, 000025
10 07:48, 150101 =>  190101,  98, 000252
10 08:05, 150101 =>  021201,  33, 000367
10 08:33, 150101 =>  150301,  51, 000473
10 08:56, 040101 =>  050501,  44, 000637
10 09:05, 040101 =>  170101,  17, 000066
10 09:50, 150101 =>  120201,  85, 000016
10 09:54, 150101 =>  021601,   7, 000538
10 10:41, 040101 =>  170201,  87, 000383
10 10:51, 150101 =>  100301,  19, 000258
10 11:37, 150101 =>  100701,  86, 000045
10 11:50, 150101 =>  120301,  25, 000834
10 12:09, 150101 =>  090601,  35, 000667
10 12:10, 040101 =>  210401,   3, 000816
10 12:32, 150101 =>  190201,  41, 000352
10 12:36, 150101 =>  020401,   7, 000747
10 13:22, 150101 =>  021501,  87, 000118
10 13:48, 130101 =>  240101,  48, 000134
10 13:52, 150101 =>  100601,   7, 000671
10 14:19, 130101 =>  061201,  51, 000128
10 15:10, 040101 =>  230101,  97, 000520
10 15:27, 150101 =>  100301,  31, 000515
10 15:58, 150101 =>  150801,  59, 000076
10 16:06, 150101 =>  020401,  14, 000139
10 16:22, 130101 =>  220901,  30, 000561
10 16:49, 130101 =>  221001,  50, 000528
10 17:06, 150101 =>  150201,  33, 000935
10 17:19, 150101 =>  120601,  24, 000777
10 17:30, 150101 =>  150501,  21, 000828
10 18:05, 040101 =>  080901,  66, 000267
10 18:14, 150101 =>  021401,  16, 000946
10 18:16, 150101 =>  021901,   4, 000801
10 18:21, 130101 =>  061001,   9, 000500
10 18:41, 040101 =>  080201,  38, 000920
10 18:46, 150101 =>  021501,   9, 000043
10 18:50, 150101 =>  090701,   7, 000319
10 19:05, 040101 =>  030601,  29, 000139
10 19:28, 040101 =>  250101,  43, 000346
10 19:32, 150101 =>  090301,   7, 000248
10 19:37, 040101 =>  050801,   9, 000970
10 19:57, 130101 =>  130301,  38, 000663
10 20:02, 040101 =>  211101,  10, 000382
10 20:04, 150101 =>  190101,   4, 000625
10 20:18, 040101 =>  080901,  25, 000117
10 20:19, 150101 =>  101101,   2, 000475
10 20:28, 040101 =>  030601,  18, 000142
11 00:38, 150101 =>  100401,  72, 000752
11 00:58, 150101 =>  090501,  38, 000011
11 01:05, 040101 =>  080401,  12, 000146
11 01:37, 150101 =>  120901,  60, 000097
11 02:03, 150101 =>  021901,  49, 000522
11 02:40, 040101 =>  030301,  69, 000129
11 03:31, 130101 =>  131201,  97, 000277
11 03:41, 130101 =>  240201,  19, 000615
11 04:28, 150101 =>  100501,  87, 000991
11 04:35, 150101 =>  090401,  14, 000183
11 04:56, 150101 =>  100801,  38, 000666
11 05:00, 150101 =>  150301,   9, 000642
11 05:20, 040101 =>  051101,  37, 000156
11 05:42, 150101 =>  100701,  42, 000575
11 06:08, 040101 =>  051001,  47, 000848
11 06:27, 040101 =>  250401,  36, 000280
11 06:29, 150101 =>  022001,   4, 000818
11 06:38, 150101 =>  090501,  17, 000393
11 06:58, 150101 =>  110201,  37, 000569
11 07:37, 130101 =>  131001,  73, 000395
11 08:27, 150101 =>  120801,  95, 000318
11 08:32, 150101 =>  120501,   8, 000664
11 08:35, 130101 =>  240201,   6, 000954
11 08:46, 040101 =>  080801,  21, 000008
11 08:58, 150101 =>  150401,  22, 000835
11 09:15, 150101 =>  190101,  33, 000107
11 09:41, 040101 =>  050101,  49, 000010
11 09:55, 040101 =>  051101,  25, 000970
11 10:32, 040101 =>  210801,  69, 000721
11 10:49, 040101 =>  081301,  32, 000505
11 11:07, 150101 =>  110201,  34, 000764
11 11:41, 150101 =>  100801,  65, 000321
11 12:11, 040101 =>  170201,  55, 000758
11 12:48, 040101 =>  210901,  69, 000295
11 13:09, 150101 =>  021301,  40, 000701
11 13:52, 130101 =>  130701,  80, 000083
11 14:14, 150101 =>  120601,  43, 000602
11 14:18, 150101 =>  120101,   7, 000040
11 14:50, 040101 =>  040201,  59, 000302
11 14:54, 150101 =>  100201,   8, 000859
11 15:16, 150101 =>  020201,  42, 000414
11 15:52, 130101 =>  221001,  66, 000160
11 16:31, 150101 =>  020501,  74, 000565
11 16:39, 150101 =>  110101,  15, 000415
11 16:43, 150101 =>  021001,   8, 000433
11 17:09, 150101 =>  120701,  48, 000197
11 17:22, 130101 =>  200101,  25, 000093
11 17:31, 150101 =>  100401,  17, 000217
11 17:47, 150101 =>  020401,  29, 000165
11 18:03, 150101 =>  190301,  31, 000230
11 18:26, 040101 =>  210201,  43, 000209
11 18:42, 150101 =>  100801,  30, 000719
11 18:56, 150101 =>  150501,  25, 000977
11 19:05, 150101 =>  020201,  18, 000401
11 19:09, 040101 =>  030401,   7, 000968
11 19:16, 150101 =>  021601,  14, 000395
11 19:19, 150101 =>  100501,   5, 000022
11 19:24, 150101 =>  110101,  10, 000921
11 19:28, 150101 =>  100501,   6, 000339
11 19:32, 150101 =>  190101,   9, 000437
11 19:42, 040101 =>  250201,  18, 000599
11 19:56, 040101 =>  210401,  26, 000734
11 19:58, 150101 =>  190101,   4, 000441
11 20:01, 150101 =>  021801,   5, 000293
11 20:20, 130101 =>  140301,  37, 000406
11 20:22, 150101 =>  101101,   4, 000037
11 20:29, 040101 =>  050101,  12, 000871
11 20:36, 040101 =>  180101,  14, 000904
11 20:37, 150101 =>  120801,   2, 000730
12 00:21, 150101 =>  101001,  41, 000792
12 01:13, 040101 =>  030501,  97, 000340
12 01:14, 150101 =>  190301,   2, 000426
12 01:39, 150101 =>  150501,  46, 000902
12 02:22, 150101 =>  190101,  81, 000894
12 02:23, 150101 =>  020501,   2, 000872
12 02:35, 150101 =>  100401,  23, 000342
12 03:04, 150101 =>  150701,  53, 000485
12 03:18, 150101 =>  150801,  28, 000912
12 03:30, 040101 =>  030701,  22, 000339
12 03:58, 150101 =>  101001,  53, 000778
12 04:13, 040101 =>  250201,  28, 000790
12 04:38, 150101 =>  150801,  46, 000677
12 04:38, 040101 =>  081101,   1, 000255
12 05:24, 150101 =>  021901,  85, 000256
12 05:40, 040101 =>  030401,  30, 000447
12 06:32, 040101 =>  080501,  98, 000348
12 06:38, 130101 =>  160701,  11, 000379
12 06:53, 040101 =>  250401,  28, 000283
12 07:10, 150101 =>  100401,  32, 000323
12 08:03, 040101 =>  030701, 100, 000583
12 08:18, 150101 =>  150901,  27, 000140
12 08:33, 150101 =>  120801,  28, 000590
12 09:21, 150101 =>  070101,  90, 000427
12 09:38, 130101 =>  130701,  32, 000011
12 09:46, 040101 =>  170201,  16, 000874
12 10:19, 130101 =>  140201,  61, 000766
12 10:45, 150101 =>  020101,  50, 000604
12 11:21, 150101 =>  110101,  67, 000385
12 11:51, 040101 =>  030301,  56, 000516
12 12:15, 040101 =>  080501,  45, 000742
12 12:51, 040101 =>  040401,  67, 000404
12 13:01, 040101 =>  230101,  20, 000553
12 13:07, 130101 =>  140301,  11, 000860
12 13:24, 040101 =>  050801,  31, 000756
12 14:13, 150101 =>  021901,  93, 000625
12 14:52, 150101 =>  120601,  73, 000475
12 14:56, 150101 =>  021001,   6, 000564
12 15:40, 150101 =>  100901,  83, 000920
12 16:04, 150101 =>  021401,  45, 000715
12 16:07, 150101 =>  120401,   6, 000584
12 16:19, 150101 =>  120201,  22, 000629
12 16:35, 040101 =>  080801,  30, 000848
12 16:41, 040101 =>  050201,  12, 000684
12 17:08, 130101 =>  010101,  50, 000958
12 17:18, 150101 =>  120901,  19, 000211
12 17:36, 150101 =>  100701,  33, 000034
12 17:42, 150101 =>  021501,  13, 000202
12 17:49, 150101 =>  150201,  12, 000992
12 17:57, 040101 =>  250401,  16, 000174
12 18:04, 150101 =>  120301,  12, 000841
12 18:09, 150101 =>  090301,  10, 000287
12 18:16, 150101 =>  020301,  13, 000696
12 18:21, 150101 =>  150901,  10, 000110
12 18:23, 040101 =>  080401,   3, 000074
12 18:25, 040101 =>  030101,   4, 000805
12 19:18, 130101 =>  131201,  99, 000827
12 19:20, 150101 =>  020901,   4, 000997
12 19:25, 150101 =>  150701,   9, 000800
12 19:28, 150101 =>  150601,   6, 000891
12 19:30, 150101 =>  190101,   4, 000000
12 19:36, 040101 =>  210401,  10, 000786
12 19:38, 040101 =>  230101,   4, 000164
12 19:41, 040101 =>  080301,   7, 000843
12 19:42, 150101 =>  150601,   2, 000958
12 19:45, 040101 =>  030201,   4, 000892
13 00:12, 040101 =>  180201,  24, 000420
13 00:35, 150101 =>  120501,  42, 000546
13 01:19, 150101 =>  101101,  83, 000814
13 02:12, 150101 =>  150901,  99, 000179
13 02:58, 040101 =>  210801,  87, 000601
13 03:41, 150101 =>  100601,  81, 000197
13 04:01, 150101 =>  021401,  37, 000945
13 04:14, 040101 =>  030401,  24, 000940
13 04:40, 040101 =>  210801,  49, 000373
13 05:04, 150101 =>  150901,  45, 000406
13 05:31, 040101 =>  180101,  51, 000913
13 05:39, 150101 =>  070101,  14, 000443
13 06:10, 150101 =>  110201,  59, 000755
13 06:22, 130101 =>  010201,  23, 000252
13 06:35, 150101 =>  101001,  24, 000659
13 06:44, 040101 =>  180101,  16, 000117
13 07:10, 150101 =>  021101,  49, 000197
13 07:46, 150101 =>  090401,  67, 000919
13 08:03, 150101 =>  101001,  33, 000446
13 08:09, 150101 =>  100201,  11, 000301
13 08:36, 150101 =>  090401,  50, 000097
13 08:44, 150101 =>  120501,  16, 000351
13 09:08, 040101 =>  030401,  44, 000926
13 09:25, 130101 =>  010101,  32, 000759
13 09:30, 150101 =>  020901,   9, 000076
13 10:05, 040101 =>  080501,  67, 000072
13 10:14, 150101 =>  120201,  16, 000954
13 10:53, 130101 =>  130401,  74, 000629
13 11:14, 150101 =>  120201,  38, 000653
13 11:26, 040101 =>  080501,  23, 000139
13 12:17, 150101 =>  150901,  96, 000287
13 12:29, 150101 =>  120401,  22, 000190
13 13:15, 150101 =>  021301,  87, 000581
13 13:56, 150101 =>  101001,  76, 000222
13 14:07, 040101 =>  050501,  21, 000781
13 14:35, 150101 =>  090301,  52, 000804
13 14:38, 150101 =>  020501,   7, 000971
13 14:53, 150101 =>  150501,  28, 000121
13 15:36, 040101 =>  250201,  80, 000520
13 15:57, 040101 =>  230301,  40, 000155
13 16:28, 130101 =>  160701,  58, 000278
13 16:35, 150101 =>  020801,  12, 000684
13 16:44, 150101 =>  120701,  18, 000878
13 17:03, 040101 =>  040301,  35, 000252
13 17:09, 150101 =>  150301,  11, 000899
13 17:16, 150101 =>  120201,  13, 000271
13 17:23, 150101 =>  090201,  13, 000465
13 17:28, 150101 =>  020701,   9, 000451
13 17:34, 040101 =>  080901,  13, 000095
13 17:38, 150101 =>  070101,   6, 000139
13 17:40, 150101 =>  100101,   4, 000312
13 17:43, 040101 =>  210401,   6, 000950
13 18:06, 040101 =>  250401,  44, 000074
13 18:08, 150101 =>  150901,   2, 000010
13 18:11, 040101 =>  211101,   6, 000966
13 18:13, 130101 =>  220301,   4, 000292
13 18:59, 130101 =>  200401,  87, 000778
14 00:18, 130101 =>  060801,  35, 000546
14 00:23, 040101 =>  230101,   9, 000471
14 01:07, 150101 =>  021901,  82, 000278
14 01:13, 040101 =>  040201,  11, 000315
14 01:25, 130101 =>  130601,  23, 000149
14 02:17, 150101 =>  100301,  98, 000161
14 02:33, 150101 =>  120401,  29, 000496
14 03:15, 040101 =>  030601,  80, 000369
14 03:35, 040101 =>  080301,  37, 000812
14 03:54, 150101 =>  120601,  35, 000953
14 04:38, 040101 =>  080601,  84, 000809
14 04:48, 130101 =>  220201,  17, 000621
14 04:50, 150101 =>  090501,   4, 000619
14 05:30, 150101 =>  190101,  75, 000212
14 05:57, 150101 =>  150201,  52, 000064
14 06:32, 150101 =>  110401,  64, 000543
14 06:51, 150101 =>  120701,  36, 000599
14 07:04, 150101 =>  021201,  24, 000838
14 07:06, 150101 =>  090401,   4, 000938
14 07:25, 040101 =>  210501,  36, 000061
14 08:01, 040101 =>  040201,  68, 000772
14 08:11, 150101 =>  100501,  18, 000170
14 08:35, 040101 =>  040501,  46, 000658
14 08:37, 130101 =>  130201,   3, 000359
14 08:51, 040101 =>  050901,  27, 000745
14 09:24, 150101 =>  100901,  61, 000059
14 10:04, 040101 =>  040801,  76, 000180
14 10:45, 150101 =>  150801,  76, 000545
14 11:30, 130101 =>  010501,  84, 000736
14 12:13, 040101 =>  081301,  82, 000298
14 12:33, 150101 =>  120601,  37, 000570
14 12:38, 150101 =>  120701,  10, 000045
14 12:55, 150101 =>  021501,  31, 000320
14 13:09, 040101 =>  040601,  26, 000619
14 13:31, 150101 =>  100901,  42, 000876
14 13:57, 040101 =>  210501,  48, 000629
14 14:01, 040101 =>  080101,   8, 000029
14 14:17, 040101 =>  180201,  30, 000150
14 15:00, 130101 =>  140101,  80, 000843
14 15:13, 130101 =>  060201,  25, 000801
14 15:49, 150101 =>  190101,  68, 000533
14 15:53, 040101 =>  080201,   7, 000971
14 16:03, 130101 =>  200101,  19, 000677
14 16:12, 040101 =>  040801,  16, 000606
14 16:25, 150101 =>  101001,  24, 000168
14 16:29, 040101 =>  040301,   9, 000104
14 17:06, 150101 =>  100801,  69, 000892
14 17:17, 150101 =>  110501,  20, 000446
14 17:25, 150101 =>  120901,  16, 000673
14 17:27, 130101 =>  061001,   3, 000526
14 17:48, 150101 =>  090101,  40, 000794
14 17:53, 040101 =>  211001,   8, 000184
14 17:58, 040101 =>  170201,  10, 000355
14 18:08, 150101 =>  090701,  19, 000415
14 18:12, 040101 =>  250201,   7, 000033
14 18:21, 150101 =>  020901,  18, 000155
14 18:42, 130101 =>  221001,  39, 000148
14 19:12, 150101 =>  100501,  55, 000565
14 19:32, 150101 =>  090601,  38, 000554
14 19:45, 150101 =>  070101,  25, 000302
14 19:47, 040101 =>  080901,   4, 000663
14 19:52, 150101 =>  150901,   8, 000396
14 20:12, 130101 =>  200301,  39, 000584
14 20:22, 150101 =>  151001,  19, 000234
14 20:29, 150101 =>  120701,  12, 000696
14 20:33, 150101 =>  020601,   8, 000709
14 20:35, 040101 =>  040301,   3, 000636
14 20:56, 130101 =>  131001,  39, 000655
14 20:58, 040101 =>  030701,   4, 000601
14 21:00, 150101 =>  150701,   5, 000578
14 21:04, 150101 =>  021601,   6, 000902
14 21:06, 150101 =>  020401,   4, 000628
14 21:09, 130101 =>  010201,   7, 000890
14 21:10, 150101 =>  100501,   1, 000537
14 21:22, 130101 =>  060601,  23, 000802
14 21:26, 130101 =>  160301,   7, 000666
15 00:33, 150101 =>  100601,  63, 000418
15 00:59, 150101 =>  020901,  49, 000077
15 01:29, 150101 =>  020201,  55, 000276
15 01:37, 150101 =>  120201,  16, 000969
15 01:45, 150101 =>  021501,  15, 000935
15 01:54, 150101 =>  090101,  16, 000237
15 02:11, 130101 =>  060801,  33, 000015
15 02:18, 040101 =>  030201,  12, 000629
15 03:04, 150101 =>  190101,  86, 000336
15 03:48, 150101 =>  021001,  84, 000009
15 04:04, 150101 =>  120901,  30, 000473
15 04:36, 040101 =>  250401,  59, 000597
15 04:57, 040101 =>  030301,  40, 000727
15 05:26, 150101 =>  100101,  54, 000795
15 06:08, 040101 =>  210701,  78, 000835
15 06:31, 040101 =>  080301,  44, 000804
15 07:15, 150101 =>  120301,  83, 000700
15 07:42, 040101 =>  050901,  51, 000679
15 07:55, 150101 =>  150501,  24, 000243
15 08:26, 150101 =>  120501,  57, 000667
15 08:52, 130101 =>  160501,  49, 000275
15 09:29, 130101 =>  060501,  70, 000440
15 09:39, 040101 =>  040801,  19, 000594
15 09:45, 130101 =>  200501,  11, 000277
15 10:28, 150101 =>  110101,  80, 000792
15 10:41, 150101 =>  110401,  24, 000522
15 11:33, 040101 =>  050301,  98, 000665
15 12:08, 130101 =>  130301,  66, 000454
15 12:18, 150101 =>  150301,  18, 000886
15 12:59, 150101 =>  120101,  77, 000195
15 13:41, 150101 =>  090701,  79, 000836
15 13:56, 040101 =>  230401,  28, 000717
15 14:09, 040101 =>  250301,  24, 000083
15 14:37, 150101 =>  120901,  54, 000416
15 14:47, 150101 =>  120701,  18, 000041
15 14:53, 150101 =>  021101,  11, 000073
15 15:32, 150101 =>  020801,  73, 000027
15 16:05, 130101 =>  220701,  63, 000850
15 16:25, 040101 =>  210601,  36, 000418
15 16:46, 130101 =>  010701,  40, 000957
15 16:48, 130101 =>  061001,   4, 000045
15 17:00, 150101 =>  022001,  22, 000846
15 17:14, 150101 =>  021201,  26, 000193
15 17:29, 150101 =>  110401,  29, 000638
15 18:03, 040101 =>  050501,  64, 000271
15 18:10, 040101 =>  230301,  12, 000034
15 18:22, 150101 =>  120401,  24, 000025
15 18:33, 150101 =>  021601,  19, 000480
15 18:42, 150101 =>  100401,  17, 000424
15 18:47, 150101 =>  021801,  10, 000870
15 18:52, 150101 =>  021501,  10, 000069
15 19:09, 040101 =>  080101,  32, 000451
15 19:20, 040101 =>  210601,  19, 000215
15 19:38, 040101 =>  211301,  34, 000767
15 19:40, 040101 =>  210601,   4, 000006
15 19:52, 040101 =>  211001,  23, 000854
15 20:01, 130101 =>  060701,  16, 000083
15 20:04, 150101 =>  090201,   7, 000140
15 20:12, 040101 =>  211001,  14, 000932
15 20:14, 150101 =>  020201,   4, 000639
15 20:18, 040101 =>  210801,   7, 000649
15 20:20, 130101 =>  200101,   4, 000115
15 20:22, 150101 =>  020601,   4, 000909
16 00:12, 150101 =>  120801,  24, 000757
16 00:40, 150101 =>  020701,  55, 000809
16 01:00, 040101 =>  050101,  39, 000473
16 01:13, 150101 =>  150701,  24, 000868
16 01:27, 150101 =>  100201,  27, 000587
16 02:18, 150101 =>  190301, 100, 000676
16 02:19, 150101 =>  020201,   1, 000113
16 02:57, 130101 =>  220701,  74, 000359
16 03:37, 150101 =>  100601,  77, 000516
16 03:40, 040101 =>  050801,   6, 000692
16 04:04, 150101 =>  110501,  46, 000617
16 04:46, 150101 =>  150201,  82, 000945
16 05:00, 150101 =>  020801,  27, 000302
16 05:31, 150101 =>  020801,  60, 000730
16 05:59, 040101 =>  180201,  53, 000432
16 06:37, 150101 =>  090501,  75, 000149
16 06:55, 040101 =>  210301,  35, 000244
16 07:30, 150101 =>  021401,  66, 000332
16 07:35, 040101 =>  211301,  10, 000813
16 07:55, 150101 =>  021701,  39, 000631
16 08:12, 150101 =>  120201,  34, 000525
16 08:25, 150101 =>  100201,  25, 000347
16 08:40, 150101 =>  100601,  28, 000184
16 09:28, 130101 =>  061201,  94, 000701
16 10:12, 040101 =>  180301,  84, 000500
16 10:29, 040101 =>  081001,  33, 000070
16 11:07, 040101 =>  080801,  74, 000019
16 11:51, 130101 =>  061201,  85, 000943
16 12:20, 150101 =>  120401,  57, 000463
16 12:49, 130101 =>  220301,  55, 000197
16 13:01, 150101 =>  020501,  23, 000904
16 13:49, 150101 =>  150201,  93, 000431
16 14:03, 150101 =>  150301,  27, 000337
16 14:28, 130101 =>  130201,  48, 000707
16 15:08, 150101 =>  150201,  79, 000170
16 15:35, 150101 =>  021501,  52, 000942
16 15:53, 150101 =>  120101,  34, 000712
16 15:59, 150101 =>  151001,  13, 000398
16 16:11, 130101 =>  060501,  23, 000788
16 16:55, 040101 =>  030401,  85, 000176
16 17:00, 040101 =>  170101,   9, 000460
16 17:03, 150101 =>  150601,   5, 000465
16 17:11, 150101 =>  190201,  16, 000700
16 17:17, 150101 =>  100101,  13, 000843
16 17:21, 150101 =>  021101,   7, 000591
16 17:32, 130101 =>  060701,  22, 000157
16 17:43, 130101 =>  010201,  21, 000413
16 17:48, 150101 =>  120901,  10, 000536
16 17:54, 150101 =>  021201,  11, 000816
16 17:58, 150101 =>  100901,   7, 000866
16 18:00, 150101 =>  090701,   5, 000912
16 18:02, 150101 =>  100101,   4, 000651
16 18:15, 130101 =>  061201,  24, 000087
16 18:17, 130101 =>  010701,   4, 000859
16 18:23, 130101 =>  010201,  11, 000212
16 18:24, 130101 =>  220501,   3, 000392
16 19:06, 040101 =>  030401,  81, 000201
16 19:07, 150101 =>  020401,   1, 000392
16 19:09, 130101 =>  220101,   4, 000216
17 00:11, 150101 =>  090501,  23, 000089
17 00:39, 150101 =>  101001,  53, 000680
17 01:12, 040101 =>  180301,  64, 000210
17 01:58, 040101 =>  210701,  89, 000910
17 02:33, 150101 =>  020301,  68, 000694
17 03:25, 040101 =>  080201, 100, 000977
17 03:47, 150101 =>  120301,  43, 000161
17 04:29, 040101 =>  050401,  81, 000358
17 04:32, 130101 =>  060101,   6, 000014
17 05:02, 150101 =>  100401,  59, 000104
17 05:28, 040101 =>  030101,  49, 000200
17 06:13, 040101 =>  080401,  88, 000896
17 06:18, 040101 =>  040601,  10, 000307
17 06:53, 040101 =>  080201,  68, 000098
17 07:33, 150101 =>  150601,  77, 000523
17 07:35, 130101 =>  061101,   3, 000780
17 07:38, 150101 =>  120701,   6, 000037
17 08:27, 150101 =>  020601,  96, 000143
17 08:40, 150101 =>  100801,  25, 000807
17 09:03, 040101 =>  051001,  43, 000201
17 09:41, 150101 =>  150401,  75, 000531
17 09:43, 150101 =>  120901,   4, 000947
17 10:13, 150101 =>  120501,  57, 000967
17 10:27, 040101 =>  080401,  28, 000355
17 10:41, 150101 =>  150901,  26, 000863
17 11:30, 150101 =>  021101,  96, 000087
17 11:33, 150101 =>  100401,   5, 000015
17 11:56, 150101 =>  020101,  44, 000051
17 12:47, 150101 =>  120401, 100, 000241
17 12:50, 150101 =>  090101,   6, 000418
17 12:53, 150101 =>  090201,   6, 000974
17 13:12, 040101 =>  081201,  36, 000879
17 13:33, 130101 =>  160401,  41, 000313
17 13:40, 040101 =>  250101,  13, 000712
17 13:49, 040101 =>  080501,  17, 000427
17 13:53, 040101 =>  170301,   8, 000076
17 14:12, 130101 =>  240101,  37, 000080
17 14:30, 150101 =>  020501,  35, 000732
17 15:12, 150101 =>  150201,  82, 000897
17 15:20, 130101 =>  160301,  14, 000696
17 15:48, 150101 =>  190201,  55, 000435
17 16:05, 150101 =>  021401,  32, 000598
17 16:15, 150101 =>  100401,  20, 000153
17 16:27, 150101 =>  100301,  24, 000145
17 16:33, 040101 =>  050801,  11, 000134
17 16:37, 040101 =>  180201,   7, 000556
17 16:59, 150101 =>  190201,  43, 000541
17 17:05, 040101 =>  080701,  11, 000848
17 17:09, 040101 =>  040301,   9, 000867
17 17:11, 040101 =>  230301,   4, 000039
17 17:16, 150101 =>  100301,   9, 000165
17 17:20, 130101 =>  060901,   7, 000307
17 18:08, 130101 =>  060401,  93, 000093
17 18:31, 130101 =>  220101,  46, 000647
17 18:34, 040101 =>  040601,   5, 000137
17 18:36, 040101 =>  230101,   4, 000458
17 18:44, 150101 =>  190201,  16, 000646
17 18:46, 040101 =>  040301,   3, 000917
17 18:48, 150101 =>  090301,   5, 000434
17 18:50, 040101 =>  050501,   3, 000302
18 00:27, 150101 =>  190201,  53, 000605
18 01:16, 150101 =>  100801,  95, 000058
18 01:44, 040101 =>  080701,  55, 000046
18 02:21, 040101 =>  080301,  70, 000322
18 03:08, 150101 =>  021201,  91, 000973
18 03:26, 150101 =>  090601,  35, 000235
18 03:46, 150101 =>  021101,  40, 000467
18 04:11, 150101 =>  120201,  47, 000386
18 05:02, 150101 =>  100801, 100, 000792
18 05:46, 150101 =>  150501,  84, 000820
18 06:04, 150101 =>  100101,  36, 000817
18 06:44, 130101 =>  200401,  77, 000302
18 07:18, 130101 =>  220601,  65, 000848
18 08:03, 040101 =>  180301,  88, 000915
18 08:36, 130101 =>  200301,  64, 000702
18 08:47, 130101 =>  220101,  21, 000546
18 08:58, 130101 =>  140101,  22, 000187
18 09:22, 130101 =>  140201,  45, 000380
18 10:11, 150101 =>  120901,  96, 000893
18 10:42, 150101 =>  021801,  59, 000447
18 11:02, 150101 =>  150301,  39, 000201
18 11:09, 150101 =>  090701,  13, 000857
18 11:12, 150101 =>  021001,   7, 000009
18 11:39, 150101 =>  100601,  51, 000290
18 12:14, 150101 =>  100101,  69, 000336
18 12:43, 150101 =>  021701,  55, 000687
18 13:06, 040101 =>  080101,  45, 000825
18 13:35, 040101 =>  040201,  57, 000941
18 13:52, 040101 =>  080501,  33, 000792
18 14:25, 150101 =>  190301,  64, 000147
18 14:29, 130101 =>  220701,   7, 000788
18 15:03, 040101 =>  170201,  66, 000515
18 15:19, 150101 =>  020601,  31, 000700
18 15:58, 040101 =>  080301,  76, 000135
18 16:03, 150101 =>  100101,   8, 000191
18 16:24, 150101 =>  190101,  41, 000259
18 16:49, 040101 =>  080201,  48, 000766
18 16:52, 130101 =>  140201,   7, 000244
18 17:03, 040101 =>  081201,  20, 000930
18 17:13, 150101 =>  190201,  21, 000745
18 17:20, 150101 =>  021801,  12, 000899
18 17:41, 130101 =>  220901,  42, 000181
18 17:49, 150101 =>  110401,  15, 000422
18 17:54, 130101 =>  240201,  10, 000729
18 18:24, 040101 =>  030301,  58, 000310
18 18:28, 130101 =>  060301,   7, 000019
18 18:45, 040101 =>  210901,  33, 000857
18 19:00, 150101 =>  100901,  29, 000459
18 19:08, 150101 =>  150701,  15, 000826
18 19:24, 040101 =>  170101,  32, 000481
18 19:33, 040101 =>  080701,  17, 000547
18 19:37, 040101 =>  080901,   8, 000309
18 19:39, 040101 =>  230401,   4, 000790
18 19:46, 040101 =>  030201,  13, 000041
18 19:50, 150101 =>  110101,   8, 000669
18 19:52, 130101 =>  200501,   5, 000426
18 19:54, 150101 =>  020401,   3, 000121
18 19:57, 150101 =>  021201,   6, 000916
18 20:00, 150101 =>  110401,   5, 000534
18 20:02, 040101 =>  230101,   4, 000308
18 20:03, 040101 =>  211301,   3, 000650
18 20:05, 040101 =>  080801,   3, 000597
18 20:07, 040101 =>  050701,   4, 000731
18 20:13, 130101 =>  010301,  11, 000412
18 20:17, 150101 =>  190301,   9, 000800
18 20:20, 150101 =>  101001,   6, 000142
18 20:22, 040101 =>  050301,   4, 000187
18 20:34, 130101 =>  060601,  22, 000344
18 20:50, 130101 =>  130201,  31, 000057
18 20:52, 040101 =>  040501,   5, 000046
18 20:54, 150101 =>  021301,   4, 000154
18 20:56, 040101 =>  051101,   3, 000102
18 20:57, 040101 =>  250401,   2, 000242
19 00:28, 150101 =>  021301,  56, 000330
19 00:32, 150101 =>  090701,   7, 000196
19 01:08, 130101 =>  240301,  69, 000709
19 01:19, 040101 =>  230301,  21, 000892
19 02:05, 130101 =>  160501,  90, 000238
19 02:46, 130101 =>  160201,  79, 000932
19 02:48, 040101 =>  050701,   4, 000156
19 02:55, 150101 =>  120501,  13, 000910
19 03:30, 040101 =>  050601,  69, 000499
19 03:47, 130101 =>  160201,  32, 000007
19 04:18, 040101 =>  050101,  60, 000458
19 04:53, 150101 =>  020401,  69, 000851
19 05:19, 150101 =>  020201,  49, 000481
19 05:51, 040101 =>  050201,  63, 000515
19 05:57, 130101 =>  060801,  11, 000419
19 06:37, 150101 =>  190301,  77, 000551
19 06:50, 040101 =>  080701,  26, 000508
19 07:28, 040101 =>  211201,  74, 000510
19 07:36, 040101 =>  081301,  15, 000507
19 08:12, 150101 =>  020501,  70, 000184
19 08:40, 040101 =>  180101,  53, 000645
19 09:14, 130101 =>  220401,  67, 000553
19 09:30, 150101 =>  120301,  30, 000169
19 09:55, 150101 =>  110501,  48, 000317
19 10:10, 130101 =>  130501,  29, 000793
19 10:16, 130101 =>  240301,  12, 000692
19 10:40, 150101 =>  151001,  47, 000234
19 11:09, 040101 =>  040601,  55, 000156
19 11:25, 130101 =>  220101,  31, 000000
19 11:50, 040101 =>  230101,  49, 000862
19 11:53, 130101 =>  220401,   5, 000238
19 12:42, 150101 =>  020701,  95, 000341
19 13:13, 150101 =>  110201,  60, 000945
19 13:56, 150101 =>  120501,  84, 000855
19 14:24, 040101 =>  080701,  54, 000494
19 14:49, 150101 =>  100401,  49, 000703
19 14:51, 040101 =>  080601,   4, 000066
19 15:04, 150101 =>  021601,  24, 000060
19 15:05, 040101 =>  080201,   3, 000891
19 15:13, 150101 =>  021001,  16, 000642
19 15:17, 150101 =>  021401,   7, 000718
19 15:38, 040101 =>  030501,  40, 000174
19 15:48, 130101 =>  220301,  19, 000505
19 16:12, 040101 =>  040401,  47, 000278
19 16:14, 040101 =>  250301,   4, 000080
19 16:42, 150101 =>  100101,  54, 000264
19 17:29, 150101 =>  110201,  91, 000002
19 17:31, 040101 =>  211201,   4, 000124
19 17:57, 150101 =>  120301,  51, 000904
19 18:26, 150101 =>  020101,  56, 000935
19 18:29, 040101 =>  030601,   5, 000331
19 18:31, 150101 =>  020801,   5, 000734
19 18:38, 040101 =>  230101,  13, 000932
19 18:53, 150101 =>  120701,  28, 000480
19 19:10, 150101 =>  120401,  33, 000376
19 19:15, 130101 =>  160401,  11, 000151
19 19:28, 040101 =>  030101,  25, 000077
19 19:36, 150101 =>  090201,  16, 000253
19 19:44, 040101 =>  051001,  15, 000713
19 19:47, 130101 =>  221001,   5, 000421
19 19:49, 040101 =>  250201,   4, 000520
19 19:51, 130101 =>  220301,   4, 000375
19 19:55, 150101 =>  100601,   8, 000043
19 20:07, 150101 =>  120701,  23, 000187
19 20:12, 130101 =>  220101,   9, 000500
19 20:17, 040101 =>  040601,  11, 000017
19 20:31, 150101 =>  110101,  27, 000599
19 20:37, 040101 =>  180301,  12, 000332
19 20:41, 040101 =>  080301,   7, 000513
19 20:44, 040101 =>  211201,   6, 000318
19 20:47, 040101 =>  040501,   5, 000167
19 20:51, 150101 =>  151001,   8, 000278
19 20:52, 130101 =>  200401,   3, 000496
19 20:54, 040101 =>  170101,   3, 000746
19 21:03, 150101 =>  120101,  17, 000774
19 21:06, 150101 =>  090301,   6, 000175
19 21:11, 150101 =>  020101,  10, 000870
19 21:13, 040101 =>  080101,   3, 000250
19 21:16, 150101 =>  150201,   7, 000241
19 21:19, 150101 =>  150401,   5, 000511
19 21:21, 150101 =>  020101,   4, 000023
19 21:23, 150101 =>  090601,   5, 000330
20 00:46, 150101 =>  110301,  90, 000154
20 01:08, 150101 =>  150301,  43, 000581
20 01:37, 150101 =>  100201,  56, 000396
20 02:01, 040101 =>  080301,  47, 000666
20 02:17, 130101 =>  130501,  31, 000724
20 02:20, 150101 =>  120601,   5, 000778
20 02:44, 040101 =>  180201,  46, 000568
20 03:11, 130101 =>  010301,  52, 000285
20 04:01, 150101 =>  020301,  97, 000933
20 04:11, 150101 =>  151001,  20, 000181
20 04:44, 150101 =>  150301,  63, 000258
20 05:08, 150101 =>  150301,  47, 000657
20 05:11, 130101 =>  010201,   5, 000099
20 05:42, 040101 =>  211001,  60, 000631
20 06:21, 130101 =>  061301,  77, 000773
20 06:42, 130101 =>  240201,  40, 000475
20 06:51, 150101 =>  021101,  17, 000300
20 07:30, 130101 =>  200401,  76, 000756
20 07:46, 150101 =>  090201,  30, 000584
20 08:14, 150101 =>  190301,  56, 000466
20 08:45, 040101 =>  211001,  59, 000600
20 08:59, 040101 =>  080701,  28, 000436
20 09:03, 150101 =>  021501,   7, 000719
20 09:05, 150101 =>  020201,   4, 000866
20 09:29, 150101 =>  150301,  46, 000471
20 10:05, 130101 =>  060601,  70, 000240
20 10:12, 040101 =>  180301,  13, 000991
20 10:55, 150101 =>  110101,  84, 000288
20 11:05, 130101 =>  160501,  20, 000114
20 11:39, 040101 =>  210601,  64, 000738
20 12:27, 040101 =>  030401,  94, 000486
20 12:48, 150101 =>  021901,  40, 000125
20 13:10, 150101 =>  100701,  43, 000870
20 13:22, 150101 =>  150501,  24, 000776
20 13:26, 150101 =>  021901,   6, 000321
20 13:36, 150101 =>  021801,  20, 000796
20 14:08, 040101 =>  211301,  62, 000009
20 14:10, 040101 =>  210301,   4, 000520
20 14:18, 130101 =>  130701,  16, 000621
20 15:01, 150101 =>  022001,  83, 000617
20 15:46, 150101 =>  021501,  87, 000884
20 15:55, 040101 =>  050301,  18, 000616
20 16:13, 130101 =>  010501,  35, 000284
20 16:56, 150101 =>  150401,  83, 000174
20 17:12, 150101 =>  090301,  30, 000726
20 17:51, 040101 =>  040701,  76, 000504
20 18:22, 040101 =>  080501,  59, 000851
20 18:36, 150101 =>  150701,  28, 000678
20 18:38, 040101 =>  211201,   4, 000289
20 18:49, 130101 =>  060601,  21, 000216
20 19:02, 040101 =>  080101,  26, 000535
20 19:26, 150101 =>  070101,  46, 000499
20 19:36, 150101 =>  150301,  20, 000539
20 19:45, 150101 =>  020201,  16, 000415
20 19:53, 130101 =>  060101,  16, 000735
20 20:01, 130101 =>  220701,  15, 000212
20 20:09, 150101 =>  020701,  16, 000796
20 20:15, 150101 =>  021301,  12, 000874
20 20:19, 150101 =>  150201,   8, 000992
20 20:25, 150101 =>  110101,  10, 000788
20 20:32, 040101 =>  030701,  14, 000571
20 20:35, 150101 =>  110401,   7, 000669
20 20:40, 150101 =>  150901,   8, 000983
20 20:43, 130101 =>  130201,   7, 000287
20 20:55, 040101 =>  050801,  23, 000545
20 20:58, 150101 =>  020101,   6, 000646
20 21:00, 150101 =>  100201,   4, 000867
20 21:04, 130101 =>  131201,   7, 000665
20 21:06, 150101 =>  090401,   5, 000304
20 21:08, 150101 =>  150701,   3, 000599
20 21:15, 040101 =>  050901,  13, 000041
20 21:19, 130101 =>  200101,   8, 000874
21 00:33, 150101 =>  100101,  65, 000305
21 00:55, 130101 =>  220901,  43, 000893
21 00:57, 150101 =>  021601,   3, 000583
21 01:46, 150101 =>  101101,  96, 000227
21 01:48, 040101 =>  080901,   3, 000019
21 01:58, 150101 =>  021901,  20, 000104
21 02:20, 150101 =>  120101,  41, 000881
21 02:36, 150101 =>  100101,  31, 000844
21 02:52, 130101 =>  061301,  31, 000658
21 03:05, 040101 =>  030501,  26, 000252
21 03:29, 150101 =>  021501,  47, 000638
21 04:14, 130101 =>  061001,  87, 000465
21 04:57, 130101 =>  010601,  83, 000279
21 05:44, 150101 =>  120401,  91, 000174
21 05:46, 130101 =>  010201,   4, 000103
21 06:00, 040101 =>  250201,  27, 000612
21 06:43, 040101 =>  080301,  82, 000467
21 07:09, 150101 =>  120301,  51, 000870
21 07:16, 040101 =>  050701,  14, 000662
21 07:18, 150101 =>  150301,   4, 000838
21 07:56, 150101 =>  100801,  73, 000631
21 08:02, 150101 =>  120101,  11, 000585
21 08:41, 130101 =>  200601,  76, 000128
21 09:30, 040101 =>  051001,  95, 000505
21 09:32, 150101 =>  090401,   4, 000219
21 09:42, 150101 =>  090401,  20, 000664
21 09:54, 130101 =>  221001,  22, 000278
21 10:20, 040101 =>  250201,  50, 000756
21 10:34, 040101 =>  080301,  29, 000629
21 10:39, 150101 =>  090401,   8, 000865
21 11:17, 150101 =>  120201,  75, 000568
21 11:26, 040101 =>  081201,  16, 000602
21 11:58, 150101 =>  120901,  63, 000013
21 12:25, 150101 =>  020801,  52, 000585
21 13:12, 150101 =>  100801,  90, 000214
21 13:20, 130101 =>  130201,  16, 000338
21 14:05, 150101 =>  150201,  88, 000104
21 14:54, 150101 =>  021101,  94, 000688
21 15:00, 150101 =>  020501,  12, 000958
21 15:31, 150101 =>  150201,  59, 000167
21 15:45, 150101 =>  150401,  28, 000919
21 15:58, 130101 =>  060101,  25, 000770
21 16:09, 150101 =>  020401,  21, 000622
21 16:20, 150101 =>  021201,  22, 000478
21 16:24, 150101 =>  020301,   7, 000454
21 16:30, 150101 =>  150901,  13, 000126
21 16:41, 130101 =>  160401,  21, 000690
21 16:52, 150101 =>  150501,  21, 000865
21 16:57, 150101 =>  101101,   9, 000299
21 17:45, 040101 =>  030201,  93, 000746
21 18:23, 040101 =>  081201,  74, 000399
21 18:25, 150101 =>  120301,   3, 000915
21 18:44, 040101 =>  250201,  38, 000489
21 19:15, 040101 =>  050201,  59, 000491
21 19:20, 150101 =>  020401,  11, 000185
21 19:26, 150101 =>  020301,  11, 000975
21 19:31, 130101 =>  131101,  10, 000972
21 19:45, 040101 =>  210701,  27, 000753
21 19:47, 150101 =>  100701,   3, 000939
21 19:51, 150101 =>  090501,   9, 000754
21 19:54, 150101 =>  020501,   4, 000204
21 19:55, 150101 =>  100301,   3, 000180
21 20:06, 040101 =>  170101,  22, 000421
21 20:09, 150101 =>  190301,   4, 000780
21 20:09, 150101 =>  100601,   1, 000522
22 00:43, 040101 =>  050901,  84, 000854
22 01:08, 130101 =>  131201,  48, 000706
22 01:57, 150101 =>  090101,  95, 000183
22 02:00, 150101 =>  151001,   6, 000728
22 02:15, 040101 =>  030301,  30, 000927
22 02:22, 040101 =>  030201,  13, 000892
22 02:33, 040101 =>  210401,  22, 000201
22 02:59, 150101 =>  120101,  49, 000838
22 03:03, 150101 =>  120901,   9, 000267
22 03:18, 040101 =>  050501,  28, 000370
22 03:32, 130101 =>  060501,  28, 000378
22 03:49, 040101 =>  230301,  33, 000651
22 03:53, 150101 =>  100601,   6, 000192
22 03:57, 130101 =>  060701,   8, 000866
22 04:33, 040101 =>  210401,  70, 000351
22 05:24, 130101 =>  160501,  99, 000470
22 05:36, 150101 =>  120901,  23, 000655
22 05:52, 150101 =>  190301,  31, 000671
22 06:31, 040101 =>  040301,  75, 000500
22 06:50, 130101 =>  200701,  37, 000829
22 07:05, 040101 =>  210101,  30, 000547
22 07:25, 150101 =>  150701,  39, 000960
22 07:39, 150101 =>  150901,  27, 000221
22 07:49, 150101 =>  100201,  18, 000836
22 07:59, 150101 =>  090201,  21, 000533
22 08:48, 040101 =>  030101,  94, 000097
22 09:28, 150101 =>  100701,  78, 000811
22 10:03, 150101 =>  021601,  67, 000170
22 10:15, 150101 =>  090501,  24, 000141
22 10:52, 130101 =>  200101,  70, 000770
22 11:05, 130101 =>  220601,  27, 000900
22 11:41, 040101 =>  211201,  68, 000107
22 12:05, 130101 =>  240101,  48, 000310
22 12:47, 150101 =>  120401,  81, 000862
22 13:05, 040101 =>  210901,  35, 000062
22 13:11, 150101 =>  150301,  10, 000672
22 13:50, 150101 =>  021301,  77, 000773
22 14:05, 040101 =>  040401,  28, 000270
22 14:24, 040101 =>  210601,  37, 000277
22 14:58, 150101 =>  110101,  66, 000595
22 15:42, 150101 =>  020101,  85, 000061
22 15:44, 040101 =>  080501,   5, 000942
22 16:02, 150101 =>  150201,  34, 000757
22 16:46, 150101 =>  100501,  85, 000964
22 16:54, 150101 =>  150701,  16, 000495
22 17:05, 150101 =>  021801,  20, 000797
22 17:11, 040101 =>  040701,  12, 000281
22 17:34, 130101 =>  130301,  45, 000219
22 18:16, 150101 =>  120501,  82, 000983
22 18:31, 040101 =>  250201,  29, 000486
22 18:36, 130101 =>  200101,   9, 000433
22 19:00, 150101 =>  120301,  47, 000217
22 19:11, 150101 =>  110301,  21, 000911
22 19:17, 040101 =>  210901,  12, 000454
22 19:25, 150101 =>  150601,  14, 000519
22 19:30, 040101 =>  180101,  10, 000914
22 19:52, 150101 =>  190101,  44, 000627
22 20:07, 150101 =>  190301,  28, 000992
22 20:10, 040101 =>  080901,   6, 000480
22 20:17, 040101 =>  250101,  13, 000824
22 20:26, 150101 =>  100101,  18, 000248
22 20:29, 040101 =>  210201,   6, 000270
22 20:31, 040101 =>  250201,   3, 000796
22 20:39, 150101 =>  100301,  16, 000930
22 20:42, 150101 =>  090301,   6, 000897
22 20:45, 040101 =>  030601,   5, 000980
22 20:49, 150101 =>  110501,   8, 000613
22 20:51, 150101 =>  150401,   5, 000384
22 20:53, 150101 =>  110501,   4, 000829
22 20:56, 040101 =>  030601,   4, 000538
22 20:58, 040101 =>  050801,   4, 000900
22 20:59, 150101 =>  190201,   3, 000422
22 21:01, 150101 =>  110101,   4, 000451
22 21:03, 040101 =>  040801,   4, 000657
22 21:14, 130101 =>  220201,  20, 000182
22 21:15, 150101 =>  021501,   3, 000961
23 00:10, 150101 =>  101001,  21, 000463
23 00:27, 150101 =>  020701,  33, 000455
23 00:48, 150101 =>  120401,  43, 000815
23 01:38, 150101 =>  020501, 100, 000777
23 01:43, 130101 =>  160301,   9, 000738
23 02:26, 040101 =>  040401,  86, 000999
23 03:00, 150101 =>  151001,  68, 000284
23 03:25, 150101 =>  120801,  50, 000916
23 03:51, 130101 =>  010401,  53, 000242
23 04:24, 040101 =>  080301,  65, 000153
23 05:07, 150101 =>  150401,  86, 000824
23 05:40, 150101 =>  090101,  66, 000206
23 05:52, 150101 =>  100601,  24, 000642
23 05:59, 150101 =>  100601,  15, 000729
23 06:27, 040101 =>  050301,  55, 000666
23 06:45, 130101 =>  010201,  37, 000064
23 06:57, 150101 =>  110401,  24, 000387
23 07:42, 040101 =>  080101,  89, 000891
23 08:13, 040101 =>  040301,  63, 000775
23 08:23, 040101 =>  210201,  19, 000323
23 08:39, 130101 =>  130801,  32, 000943
23 08:47, 150101 =>  021401,  17, 000536
23 08:58, 150101 =>  120501,  22, 000895
23 09:09, 040101 =>  050201,  21, 000314
23 09:13, 040101 =>  030401,   8, 000623
23 09:42, 040101 =>  180201,  58, 000075
23 09:51, 150101 =>  150201,  18, 000968
23 10:33, 040101 =>  040601,  84, 000350
23 10:43, 150101 =>  021001,  21, 000850
23 10:55, 150101 =>  090301,  24, 000258
23 11:38, 130101 =>  200301,  86, 000005
23 12:14, 150101 =>  190101,  71, 000869
23 12:39, 040101 =>  040301,  51, 000690
23 12:53, 150101 =>  101001,  28, 000426
23 13:38, 130101 =>  160201,  90, 000321
23 13:57, 150101 =>  120501,  37, 000709
23 14:16, 150101 =>  020701,  38, 000157
23 14:24, 040101 =>  030101,  17, 000234
23 14:26, 150101 =>  090501,   3, 000393
23 14:39, 150101 =>  100901,  27, 000424
23 14:50, 150101 =>  090101,  21, 000539
23 15:12, 150101 =>  100901,  45, 000735
23 16:01, 150101 =>  101001,  97, 000870
23 16:03, 040101 =>  050501,   5, 000374
23 16:08, 150101 =>  020201,   9, 000751
23 16:27, 150101 =>  110301,  38, 000378
23 16:39, 040101 =>  180301,  24, 000085
23 16:48, 040101 =>  211201,  18, 000756
23 16:56, 040101 =>  210601,  17, 000869
23 17:09, 040101 =>  170101,  26, 000962
23 17:15, 150101 =>  021101,  12, 000140
23 17:18, 040101 =>  040801,   5, 000319
23 17:27, 040101 =>  040701,  19, 000636
23 18:00, 150101 =>  100201,  66, 000074
23 18:20, 150101 =>  090301,  40, 000584
23 18:39, 150101 =>  190201,  38, 000240
23 18:49, 150101 =>  100801,  19, 000762
23 18:50, 040101 =>  050101,   3, 000717
23 18:53, 150101 =>  110501,   5, 000955
23 18:58, 130101 =>  060501,  11, 000884
23 19:04, 150101 =>  100901,  11, 000820
23 19:09, 150101 =>  150801,  10, 000300
23 19:15, 150101 =>  150601,  12, 000231
23 19:18, 150101 =>  110401,   7, 000831
23 19:21, 150101 =>  151001,   6, 000355
23 19:27, 040101 =>  080901,  12, 000358
23 19:30, 150101 =>  022001,   5, 000483
23 19:31, 040101 =>  050901,   3, 000840
23 19:35, 040101 =>  040601,   8, 000250
23 19:53, 130101 =>  061101,  36, 000713
23 19:56, 150101 =>  100401,   5, 000199
23 19:57, 150101 =>  110501,   2, 000593
23 20:17, 130101 =>  061201,  40, 000312
23 20:19, 040101 =>  080301,   4, 000753
23 20:21, 040101 =>  040801,   5, 000227
23 20:32, 130101 =>  010201,  22, 000371
24 00:18, 150101 =>  120301,  36, 000838
24 01:05, 150101 =>  020501,  95, 000444
24 01:09, 150101 =>  021901,   7, 000663
24 01:11, 040101 =>  030501,   5, 000411
24 01:19, 040101 =>  050701,  15, 000687
24 02:03, 150101 =>  120901,  89, 000524
24 02:43, 130101 =>  140301,  79, 000041
24 03:25, 150101 =>  120701,  84, 000103
24 03:54, 150101 =>  101001,  58, 000851
24 03:54, 150101 =>  021701,   1, 000606
24 04:06, 150101 =>  120301,  23, 000733
24 04:35, 150101 =>  120901,  58, 000166
24 04:58, 150101 =>  100701,  46, 000867
24 05:07, 150101 =>  090201,  19, 000901
24 05:22, 130101 =>  010101,  30, 000408
24 05:56, 150101 =>  190101,  68, 000462
24 06:02, 130101 =>  131101,  12, 000240
24 06:30, 040101 =>  030501,  56, 000697
24 07:06, 150101 =>  020501,  71, 000698
24 07:29, 150101 =>  100601,  46, 000212
24 08:15, 150101 =>  151001,  93, 000600
24 08:40, 150101 =>  090101,  50, 000242
24 08:56, 150101 =>  150201,  31, 000290
24 09:02, 040101 =>  080301,  12, 000148
24 09:26, 040101 =>  230401,  49, 000134
24 10:12, 150101 =>  020501,  92, 000695
24 10:54, 150101 =>  020701,  84, 000642
24 11:02, 150101 =>  150501,  16, 000071
24 11:24, 040101 =>  250101,  44, 000342
24 11:52, 040101 =>  051101,  56, 000426
24 11:56, 150101 =>  150701,   8, 000316
24 12:18, 040101 =>  210101,  43, 000360
24 13:04, 130101 =>  140101,  93, 000693
24 13:16, 130101 =>  060501,  23, 000308
24 13:44, 150101 =>  150501,  56, 000845
24 13:49, 040101 =>  211001,  11, 000587
24 14:09, 150101 =>  100401,  40, 000227
24 14:17, 150101 =>  020501,  16, 000047
24 14:33, 150101 =>  021601,  32, 000674
24 14:44, 150101 =>  120801,  22, 000085
24 14:48, 130101 =>  160701,   7, 000308
24 14:55, 150101 =>  120701,  14, 000473
24 14:56, 040101 =>  030401,   3, 000565
24 15:09, 130101 =>  200401,  25, 000012
24 15:21, 040101 =>  051101,  24, 000605
24 15:38, 040101 =>  230301,  34, 000985
24 15:53, 130101 =>  200401,  31, 000705
24 16:12, 130101 =>  140301,  37, 000293
24 16:21, 130101 =>  200801,  18, 000290
24 16:26, 150101 =>  020801,  10, 000783
24 16:30, 150101 =>  020601,   9, 000605
24 16:33, 150101 =>  150901,   5, 000534
24 16:48, 040101 =>  080601,  31, 000936
24 16:50, 150101 =>  100901,   4, 000255
24 16:52, 150101 =>  150601,   4, 000666
24 17:08, 130101 =>  160601,  31, 000247
24 17:17, 130101 =>  140201,  19, 000960
24 17:29, 040101 =>  050801,  24, 000519
24 17:30, 150101 =>  100101,   2, 000993
25 00:09, 040101 =>  040401,  18, 000477
25 00:49, 150101 =>  150301,  81, 000252
25 01:27, 150101 =>  100201,  75, 000769
25 02:12, 040101 =>  170101,  90, 000483
25 02:39, 040101 =>  180101,  55, 000818
25 03:27, 040101 =>  040801,  96, 000521
25 04:06, 150101 =>  100201,  77, 000727
25 04:09, 150101 =>  190101,   7, 000854
25 04:21, 130101 =>  130601,  24, 000248
25 04:25, 150101 =>  190101,   7, 000638
25 04:51, 040101 =>  030401,  52, 000734
25 05:26, 040101 =>  040201,  70, 000009
25 06:03, 150101 =>  150501,  74, 000136
25 06:05, 150101 =>  021801,   5, 000448
25 06:13, 150101 =>  090501,  15, 000363
25 06:53, 150101 =>  020201,  81, 000673
25 07:31, 150101 =>  150901,  75, 000353
25 08:06, 130101 =>  200201,  71, 000674
25 08:29, 040101 =>  170101,  45, 000874
25 09:18, 040101 =>  080701,  99, 000850
25 09:26, 150101 =>  101101,  16, 000953
25 09:31, 150101 =>  100801,  10, 000472
25 10:16, 150101 =>  150401,  89, 000599
25 10:18, 150101 =>  100801,   4, 000494
25 10:39, 040101 =>  081101,  43, 000816
25 11:10, 130101 =>  221001,  62, 000799
25 11:34, 150101 =>  021901,  48, 000891
25 11:47, 150101 =>  090501,  26, 000259
25 12:26, 150101 =>  090701,  78, 000897
25 13:10, 150101 =>  120401,  87, 000934
25 13:37, 040101 =>  210701,  55, 000694
25 14:06, 130101 =>  200701,  58, 000053
25 14:48, 150101 =>  110501,  83, 000046
25 15:23, 150101 =>  100401,  70, 000120
25 15:42, 150101 =>  150601,  39, 000954
25 15:52, 150101 =>  150401,  19, 000299
25 16:05, 130101 =>  240201,  27, 000910
25 16:16, 130101 =>  010201,  21, 000034
25 16:26, 150101 =>  100301,  20, 000195
25 16:31, 040101 =>  050101,  10, 000177
25 16:42, 150101 =>  120501,  22, 000777
25 16:49, 150101 =>  110201,  15, 000988
25 17:14, 150101 =>  020101,  50, 000196
25 17:22, 150101 =>  021801,  16, 000111
25 17:29, 150101 =>  070101,  13, 000640
25 17:38, 150101 =>  190101,  18, 000568
25 17:44, 150101 =>  021401,  12, 000746
25 17:49, 040101 =>  081101,  10, 000342
25 17:52, 150101 =>  120701,   6, 000298
25 18:28, 130101 =>  160101,  72, 000196
25 18:33, 150101 =>  120401,  11, 000949
25 18:35, 150101 =>  120801,   4, 000371
25 18:41, 150101 =>  110101,  12, 000834
25 18:43, 150101 =>  120501,   4, 000044
25 18:47, 150101 =>  090301,   8, 000225
25 18:52, 130101 =>  140301,  10, 000064
25 18:58, 130101 =>  060101,  12, 000798
25 19:01, 150101 =>  150801,   6, 000753
25 19:03, 150101 =>  090301,   3, 000200
25 19:07, 040101 =>  250301,   9, 000105
25 19:13, 040101 =>  040201,  11, 000055
25 19:22, 040101 =>  030701,  19, 000022
25 19:36, 040101 =>  230201,  28, 000848
25 19:38, 040101 =>  210601,   4, 000192
25 19:41, 040101 =>  050101,   5, 000541
25 20:05, 130101 =>  220401,  48, 000152
25 20:06, 150101 =>  150401,   2, 000770
25 20:14, 040101 =>  030301,  16, 000547
25 20:19, 040101 =>  211101,  11, 000616
25 20:22, 040101 =>  050401,   6, 000197
25 20:25, 040101 =>  051001,   5, 000919
26 00:13, 040101 =>  030601,  27, 000764
26 00:37, 040101 =>  211201,  47, 000548
26 01:12, 150101 =>  021201,  70, 000907
26 01:32, 130101 =>  010701,  40, 000613
26 02:11, 040101 =>  050301,  79, 000915
26 02:47, 150101 =>  151001,  71, 000067
26 03:09, 130101 =>  200401,  45, 000823
26 03:16, 150101 =>  120401,  14, 000585
26 03:56, 150101 =>  120501,  79, 000757
26 04:39, 150101 =>  020801,  87, 000150
26 05:13, 040101 =>  080301,  67, 000544
26 05:25, 130101 =>  060401,  25, 000736
26 06:08, 150101 =>  150501,  86, 000441
26 06:40, 040101 =>  080501,  63, 000274
26 06:57, 040101 =>  050801,  35, 000734
26 07:30, 040101 =>  050301,  65, 000789
26 07:39, 150101 =>  021301,  18, 000009
26 08:26, 150101 =>  101101,  94, 000045
26 08:40, 150101 =>  090601,  29, 000712
26 08:45, 040101 =>  250101,  10, 000654
26 09:32, 150101 =>  150701,  93, 000413
26 09:55, 150101 =>  021601,  46, 000020
26 10:29, 150101 =>  020901,  69, 000797
26 10:35, 130101 =>  130401,  12, 000511
26 10:48, 150101 =>  021501,  25, 000004
26 10:52, 150101 =>  070101,   9, 000096
26 11:25, 130101 =>  010301,  66, 000619
26 11:48, 150101 =>  150901,  45, 000236
26 12:03, 040101 =>  040201,  31, 000661
26 12:39, 130101 =>  220701,  72, 000911
26 13:20, 150101 =>  020901,  81, 000074
26 13:53, 040101 =>  040501,  67, 000971
26 14:07, 130101 =>  221001,  28, 000780
26 14:35, 130101 =>  140101,  55, 000042
26 15:09, 040101 =>  180101,  68, 000521
26 15:11, 150101 =>  120501,   4, 000792
26 15:25, 130101 =>  060901,  28, 000918
26 15:26, 130101 =>  010501,   3, 000931
26 15:33, 150101 =>  120501,  13, 000254
26 15:55, 150101 =>  100301,  45, 000666
26 16:21, 150101 =>  190301,  52, 000450
26 16:39, 130101 =>  060901,  36, 000579
26 16:56, 150101 =>  120201,  33, 000545
26 17:08, 130101 =>  130501,  25, 000747
26 17:18, 150101 =>  100301,  19, 000900
26 17:30, 130101 =>  010701,  25, 000400
26 17:49, 150101 =>  120601,  38, 000754
26 18:20, 040101 =>  051001,  62, 000206
26 18:40, 150101 =>  100501,  39, 000198
26 18:45, 130101 =>  061001,  10, 000899
26 18:50, 040101 =>  250201,  11, 000245
26 18:53, 150101 =>  021601,   6, 000123
26 19:13, 150101 =>  110501,  40, 000592
26 19:33, 040101 =>  040301,  39, 000955
26 19:38, 040101 =>  210601,  11, 000686
26 19:44, 150101 =>  150801,  12, 000880
26 19:51, 040101 =>  081301,  14, 000555
26 19:53, 130101 =>  200701,   4, 000501
26 19:57, 150101 =>  021101,   7, 000129
26 20:03, 040101 =>  040201,  13, 000346
26 20:14, 150101 =>  021901,  22, 000283
26 20:19, 150101 =>  190101,  10, 000820
26 20:25, 150101 =>  100901,  11, 000183
26 20:28, 150101 =>  090701,   6, 000551
26 20:32, 150101 =>  100401,   8, 000637
26 20:34, 150101 =>  021101,   4, 000804
26 20:36, 150101 =>  020801,   5, 000560
26 20:43, 130101 =>  010201,  13, 000028
26 20:50, 040101 =>  081201,  14, 000073
26 20:53, 130101 =>  221001,   6, 000973
26 20:58, 040101 =>  040701,  10, 000916
26 21:00, 150101 =>  021401,   4, 000985
26 21:07, 040101 =>  250101,  15, 000445
26 21:08, 150101 =>  020401,   2, 000347
27 00:04, 040101 =>  050901,   9, 000735
27 00:50, 040101 =>  050701,  92, 000939
27 01:02, 130101 =>  140301,  23, 000660
27 01:15, 040101 =>  030501,  27, 000532
27 01:45, 150101 =>  120601,  60, 000964
27 02:05, 040101 =>  210501,  40, 000511
27 02:36, 150101 =>  150801,  61, 000184
27 02:55, 150101 =>  120301,  39, 000807
27 03:20, 150101 =>  150401,  49, 000644
27 03:42, 040101 =>  080901,  45, 000322
27 04:13, 150101 =>  100701,  62, 000258
27 04:35, 150101 =>  120901,  43, 000012
27 04:50, 150101 =>  090401,  31, 000454
27 05:20, 150101 =>  090201,  59, 000171
27 05:27, 150101 =>  020801,  15, 000477
27 06:05, 150101 =>  120401,  76, 000796
27 06:21, 150101 =>  090601,  32, 000966
27 06:59, 130101 =>  160401,  75, 000201
27 07:40, 130101 =>  060601,  82, 000734
27 07:54, 040101 =>  230401,  29, 000519
27 08:01, 150101 =>  150401,  13, 000461
27 08:07, 150101 =>  020401,  13, 000954
27 08:44, 040101 =>  050701,  74, 000711
27 08:48, 130101 =>  160301,   8, 000876
27 09:23, 150101 =>  021201,  70, 000169
27 09:40, 150101 =>  110401,  33, 000906
27 10:12, 130101 =>  240201,  65, 000484
27 10:44, 150101 =>  021501,  63, 000429
27 11:23, 040101 =>  080501,  79, 000646
27 11:26, 040101 =>  081001,   6, 000093
27 11:32, 040101 =>  040301,  12, 000168
27 11:51, 150101 =>  120801,  37, 000149
27 12:14, 150101 =>  101101,  47, 000063
27 12:38, 150101 =>  150901,  47, 000040
27 12:45, 040101 =>  230301,  14, 000883
27 13:28, 040101 =>  030401,  87, 000976
27 14:15, 150101 =>  120201,  93, 000918
27 14:42, 130101 =>  060201,  54, 000988
27 14:53, 040101 =>  051101,  22, 000912
27 15:28, 150101 =>  100801,  70, 000569
27 15:43, 130101 =>  130401,  30, 000099
27 16:02, 150101 =>  020201,  39, 000442
27 16:09, 150101 =>  021601,  13, 000747
27 16:38, 150101 =>  100201,  58, 000511
27 16:58, 150101 =>  150801,  41, 000171
27 17:06, 150101 =>  120901,  15, 000875
27 17:19, 130101 =>  160401,  26, 000173
27 17:30, 150101 =>  021401,  22, 000372
27 17:42, 040101 =>  210901,  25, 000821
27 17:55, 040101 =>  030201,  25, 000618
27 18:05, 150101 =>  020801,  20, 000490
27 18:08, 150101 =>  110301,   6, 000607
27 18:14, 150101 =>  021901,  12, 000392
27 18:26, 040101 =>  030601,  24, 000713
27 18:30, 040101 =>  211201,   8, 000640
27 18:40, 150101 =>  090701,  21, 000911
27 18:50, 040101 =>  211201,  20, 000057
27 19:04, 040101 =>  030101,  27, 000133
27 19:09, 150101 =>  120801,  11, 000399
27 19:24, 040101 =>  080701,  30, 000263
27 19:28, 150101 =>  020201,   7, 000696
27 19:32, 150101 =>  120201,   8, 000980
27 19:39, 040101 =>  210101,  15, 000833
27 19:51, 130101 =>  010101,  24, 000648
27 19:54, 150101 =>  021701,   5, 000748
27 20:12, 130101 =>  061201,  37, 000135
27 20:27, 130101 =>  130401,  30, 000021
27 20:30, 040101 =>  180101,   5, 000207
27 20:32, 150101 =>  100101,   4, 000773
27 20:34, 150101 =>  120101,   4, 000042
27 20:37, 040101 =>  040401,   7, 000094
27 20:38, 150101 =>  090301,   2, 000003
27 20:49, 130101 =>  200801,  21, 000000
27 20:51, 040101 =>  250101,   5, 000652
28 00:24, 040101 =>  081101,  48, 000390
28 01:10, 150101 =>  021601,  92, 000049
28 01:21, 040101 =>  081001,  22, 000639
28 02:08, 040101 =>  180201,  94, 000997
28 02:29, 040101 =>  250201,  42, 000113
28 03:05, 040101 =>  210901,  73, 000262
28 03:34, 150101 =>  021801,  58, 000418
28 03:59, 130101 =>  060701,  49, 000878
28 04:07, 040101 =>  040601,  17, 000238
28 04:41, 040101 =>  211301,  67, 000681
28 04:49, 040101 =>  050901,  16, 000748
28 05:00, 150101 =>  090701,  22, 000903
28 05:12, 130101 =>  060301,  25, 000226
28 05:55, 040101 =>  170301,  86, 000983
28 06:24, 150101 =>  100101,  58, 000460
28 06:30, 150101 =>  110301,  12, 000826
28 07:11, 040101 =>  080301,  82, 000699
28 07:20, 150101 =>  020901,  17, 000540
28 07:35, 130101 =>  240301,  30, 000153
28 07:40, 150101 =>  120401,  11, 000986
28 07:57, 040101 =>  250301,  34, 000147
28 08:32, 150101 =>  020901,  69, 000026
28 09:02, 150101 =>  020301,  60, 000447
28 09:24, 150101 =>  021701,  44, 000340
28 09:29, 130101 =>  130801,  10, 000082
28 09:39, 040101 =>  040701,  20, 000232
28 10:19, 150101 =>  020901,  80, 000742
28 10:31, 150101 =>  021701,  24, 000682
28 10:31, 150101 =>  120501,   1, 000283
28 10:54, 150101 =>  020301,  46, 000924
28 11:01, 150101 =>  020701,  13, 000942
28 11:16, 040101 =>  050501,  31, 000046
28 11:28, 040101 =>  211301,  23, 000840
28 12:04, 150101 =>  100801,  72, 000238
28 12:40, 130101 =>  160601,  72, 000867
28 12:58, 150101 =>  150501,  37, 000154
28 13:47, 150101 =>  021701,  98, 000861
28 14:08, 150101 =>  021601,  42, 000378
28 14:22, 040101 =>  080801,  28, 000182
28 14:47, 130101 =>  220901,  49, 000805
28 14:57, 150101 =>  020601,  21, 000166
28 15:20, 130101 =>  160401,  45, 000455
28 15:28, 150101 =>  020101,  17, 000165
28 16:02, 150101 =>  020701,  67, 000277
28 16:13, 040101 =>  050101,  22, 000113
28 16:15, 130101 =>  160401,   5, 000603
28 16:24, 130101 =>  010101,  17, 000414
28 16:30, 130101 =>  010401,  12, 000964
28 16:45, 130101 =>  060801,  31, 000645
28 17:25, 150101 =>  110301,  80, 000322
28 17:34, 040101 =>  210401,  17, 000920
28 17:42, 130101 =>  240201,  16, 000535
28 17:48, 040101 =>  210301,  12, 000709
28 18:15, 150101 =>  021801,  55, 000361
28 18:46, 150101 =>  020901,  61, 000689
28 18:58, 150101 =>  021701,  25, 000891
28 19:12, 130101 =>  140101,  27, 000444
28 19:15, 040101 =>  080501,   6, 000505
28 19:23, 150101 =>  120101,  16, 000769
28 19:38, 150101 =>  021801,  30, 000946
28 19:46, 150101 =>  070101,  16, 000498
28 19:56, 150101 =>  150901,  20, 000041
28 20:01, 040101 =>  080201,  10, 000224
28 20:06, 150101 =>  120401,  10, 000819
28 20:11, 040101 =>  081301,  10, 000352
28 20:14, 040101 =>  050501,   7, 000043
28 20:16, 150101 =>  100601,   4, 000430
28 20:18, 040101 =>  210201,   3, 000951
28 20:20, 150101 =>  110101,   4, 000027
28 20:22, 040101 =>  170201,   5, 000690
28 20:26, 150101 =>  120301,   7, 000307
28 20:27, 040101 =>  080501,   3, 000873
28 20:31, 150101 =>  150501,   7, 000244
28 20:33, 150101 =>  150901,   4, 000952
28 20:34, 150101 =>  120201,   3, 000992
28 20:36, 040101 =>  051001,   3, 000620
29 00:11, 130101 =>  130901,  22, 000449
29 00:46, 150101 =>  100401,  71, 000195
29 00:57, 130101 =>  130801,  21, 000710
29 01:20, 150101 =>  190301,  46, 000176
29 01:48, 150101 =>  100201,  57, 000039
29 01:50, 130101 =>  200201,   4, 000807
29 02:00, 130101 =>  200301,  19, 000119
29 02:07, 150101 =>  090301,  14, 000678
29 02:39, 130101 =>  200701,  64, 000363
29 02:49, 150101 =>  090201,  21, 000353
29 03:03, 130101 =>  220301,  28, 000106
29 03:29, 150101 =>  100501,  51, 000432
29 03:37, 150101 =>  090701,  16, 000712
29 03:48, 040101 =>  050501,  23, 000057
29 04:26, 150101 =>  150301,  75, 000057
29 05:07, 130101 =>  160401,  83, 000207
29 05:19, 130101 =>  220201,  24, 000749
29 05:34, 150101 =>  110401,  29, 000056
29 05:37, 150101 =>  100701,   7, 000933
29 05:59, 150101 =>  020801,  43, 000137
29 06:20, 130101 =>  060501,  43, 000706
29 06:27, 150101 =>  110201,  13, 000377
29 06:44, 150101 =>  110401,  34, 000589
29 06:50, 150101 =>  021801,  13, 000102
29 07:38, 040101 =>  080101,  95, 000307
29 08:00, 040101 =>  040801,  44, 000025
29 08:34, 150101 =>  190101,  68, 000509
29 08:58, 150101 =>  120701,  49, 000203
29 09:19, 040101 =>  050601,  42, 000912
29 09:37, 130101 =>  060401,  36, 000484
29 09:59, 130101 =>  060101,  44, 000784
29 10:28, 040101 =>  170201,  57, 000236
29 10:34, 130101 =>  200801,  12, 000482
29 11:22, 150101 =>  101001,  96, 000147
29 12:04, 150101 =>  021301,  84, 000020
29 12:10, 130101 =>  130901,  12, 000192
29 12:31, 040101 =>  080101,  43, 000957
29 12:36, 040101 =>  080301,  10, 000226
29 12:43, 150101 =>  120401,  13, 000797
29 12:50, 130101 =>  220901,  15, 000710
29 13:27, 150101 =>  020501,  73, 000258
29 13:53, 150101 =>  190301,  52, 000341
29 14:04, 150101 =>  120101,  23, 000408
29 14:45, 150101 =>  101001,  82, 000832
29 15:27, 150101 =>  120701,  84, 000030
29 15:32, 150101 =>  100101,   9, 000983
29 15:35, 130101 =>  140201,   6, 000553
29 15:40, 130101 =>  061101,  10, 000174
29 15:58, 150101 =>  020301,  36, 000320
29 16:15, 150101 =>  120201,  34, 000072
29 16:20, 150101 =>  021901,  10, 000610
29 16:25, 130101 =>  200801,  11, 000701
29 16:32, 130101 =>  061001,  14, 000723
29 16:44, 150101 =>  190101,  23, 000608
29 16:46, 150101 =>  120101,   5, 000374
29 16:51, 040101 =>  040601,  10, 000370
29 17:04, 040101 =>  180101,  26, 000405
29 17:14, 040101 =>  210301,  19, 000160
29 17:21, 150101 =>  110201,  14, 000065
29 17:30, 130101 =>  240201,  18, 000207
29 17:32, 040101 =>  030701,   4, 000693
29 17:37, 130101 =>  061301,  11, 000051
29 18:02, 040101 =>  230301,  50, 000751
29 18:46, 040101 =>  210901,  88, 000067
29 19:17, 040101 =>  080401,  61, 000034
29 19:21, 150101 =>  100301,   8, 000840
29 19:29, 150101 =>  021101,  17, 000396
29 19:37, 150101 =>  150601,  15, 000138
29 20:01, 040101 =>  210101,  48, 000769
29 20:16, 040101 =>  210501,  31, 000221
29 20:36, 040101 =>  080701,  40, 000465
29 20:38, 130101 =>  060101,   3, 000044
29 20:39, 150101 =>  090401,   3, 000174
29 20:42, 130101 =>  140201,   5, 000134
29 20:44, 150101 =>  100301,   5, 000559
29 20:46, 150101 =>  021701,   4, 000542
29 20:52, 040101 =>  040401,  12, 000176
29 21:06, 040101 =>  210601,  27, 000288
29 21:09, 040101 =>  211301,   6, 000894
29 21:12, 150101 =>  070101,   7, 000870
29 21:20, 040101 =>  080901,  15, 000315
29 21:22, 150101 =>  120501,   4, 000302
29 21:23, 150101 =>  120801,   3, 000876
30 00:20, 040101 =>  080201,  41, 000766
30 01:08, 150101 =>  110201,  95, 000137
30 01:24, 150101 =>  021201,  32, 000159
30 02:03, 040101 =>  210501,  79, 000732
30 02:14, 040101 =>  211101,  22, 000790
30 02:22, 130101 =>  010601,  16, 000252
30 03:01, 150101 =>  110101,  78, 000703
30 03:13, 130101 =>  160701,  24, 000262
30 03:51, 040101 =>  081001,  76, 000708
30 04:16, 040101 =>  030401,  49, 000272
30 04:42, 130101 =>  010401,  52, 000739
30 05:21, 130101 =>  200601,  79, 000712
30 05:39, 040101 =>  210101,  36, 000210
30 06:08, 150101 =>  150501,  58, 000213
30 06:30, 040101 =>  080201,  44, 000271
30 06:50, 040101 =>  080601,  40, 000068
30 07:33, 150101 =>  020501,  86, 000823
30 08:03, 130101 =>  160201,  59, 000671
30 08:53, 150101 =>  021301, 100, 000173
30 09:24, 130101 =>  200601,  62, 000964
30 09:37, 150101 =>  021501,  26, 000181
30 09:41, 040101 =>  051101,   9, 000108
30 10:16, 040101 =>  030701,  70, 000829
30 10:42, 150101 =>  151001,  51, 000402
30 11:06, 130101 =>  060101,  48, 000809
30 11:15, 150101 =>  110101,  19, 000053
30 11:34, 130101 =>  130301,  37, 000040
30 11:42, 150101 =>  101101,  17, 000054
30 12:02, 040101 =>  030701,  40, 000140
30 12:06, 150101 =>  020501,   7, 000485
30 12:10, 150101 =>  022001,   8, 000100
30 12:45, 040101 =>  051001,  71, 000943
30 13:01, 150101 =>  020501,  31, 000125
30 13:17, 130101 =>  010501,  33, 000419
30 13:20, 130101 =>  061301,   6, 000357
30 13:53, 040101 =>  030501,  65, 000962
30 13:55, 130101 =>  130601,   5, 000048
30 14:00, 150101 =>  020601,   9, 000327
30 14:10, 040101 =>  210201,  21, 000117
30 14:41, 150101 =>  021501,  62, 000504
30 14:55, 040101 =>  030501,  28, 000706
30 15:08, 130101 =>  220601,  26, 000190
30 15:20, 150101 =>  151001,  24, 000051
30 15:36, 040101 =>  210801,  31, 000343
30 15:44, 150101 =>  100101,  17, 000690
30 15:46, 150101 =>  120701,   4, 000353
30 15:50, 150101 =>  100201,   8, 000585
30 15:56, 040101 =>  051001,  11, 000131
30 16:19, 150101 =>  090301,  46, 000780
30 16:25, 040101 =>  250201,  13, 000469
30 16:30, 040101 =>  030501,  10, 000405
30 16:36, 040101 =>  080301,  11, 000984
30 16:38, 040101 =>  080101,   4, 000046
30 16:47, 130101 =>  160301,  19, 000915
30 17:05, 150101 =>  070101,  35, 000208
30 17:06, 040101 =>  211001,   3, 000777
30 17:09, 040101 =>  230201,   5, 000028
30 17:10, 130101 =>  010701,   3, 000248
30 17:15, 130101 =>  060201,  10, 000327
30 17:54, 150101 =>  100901,  77, 000734
30 18:00, 130101 =>  220701,  12, 000667
30 18:01, 040101 =>  081201,   3, 000377
30 18:07, 130101 =>  240101,  11, 000407
30 18:49, 150101 =>  022001,  84, 000543
30 19:02, 150101 =>  110101,  26, 000035
30 19:03, 040101 =>  180101,   3, 000926
30 19:07, 130101 =>  130701,   7, 000316
30 19:10, 130101 =>  130701,   6, 000500
30 19:12, 150101 =>  020501,   5, 000593
30 19:38, 150101 =>  100701,  52, 000087
30 19:49, 150101 =>  100301,  22, 000234
30 19:59, 150101 =>  190101,  20, 000076
30 20:01, 150101 =>  021001,   4, 000389
30 20:20, 150101 =>  120901,  38, 000960
30 20:25, 150101 =>  021001,  10, 000879
30 20:50, 150101 =>  090101,  49, 000899
31 00:44, 150101 =>  120701,  88, 000318
31 01:20, 150101 =>  020201,  72, 000173
31 02:08, 040101 =>  030501,  96, 000950
31 02:19, 040101 =>  040301,  22, 000527
31 02:57, 040101 =>  210301,  77, 000031
31 03:33, 130101 =>  160401,  71, 000267
31 03:54, 150101 =>  021801,  42, 000821
31 04:31, 040101 =>  210701,  75, 000380
31 04:41, 040101 =>  080701,  19, 000315
31 05:04, 130101 =>  130601,  46, 000805
31 05:53, 130101 =>  200801,  99, 000130
31 06:07, 040101 =>  210901,  28, 000246
31 06:15, 150101 =>  190201,  15, 000970
31 06:48, 040101 =>  170101,  67, 000496
31 06:57, 040101 =>  051101,  17, 000971
31 07:32, 150101 =>  150901,  70, 000732
31 07:52, 150101 =>  150601,  40, 000142
31 08:12, 150101 =>  020301,  40, 000727
31 08:35, 130101 =>  061301,  47, 000870
31 09:00, 150101 =>  150401,  49, 000070
31 09:10, 130101 =>  130901,  21, 000045
31 09:17, 150101 =>  120201,  14, 000601
31 09:22, 040101 =>  030101,   9, 000956
31 09:26, 130101 =>  010501,   9, 000174
31 09:30, 040101 =>  080701,   7, 000286
31 10:08, 040101 =>  050601,  76, 000416
31 10:42, 150101 =>  100801,  68, 000763
31 11:18, 040101 =>  040601,  72, 000136
31 11:29, 040101 =>  040201,  22, 000246
31 11:47, 130101 =>  060501,  37, 000694
31 12:30, 150101 =>  090301,  85, 000496
31 12:32, 130101 =>  061101,   5, 000263
31 12:52, 040101 =>  080801,  40, 000633
31 13:17, 150101 =>  150801,  50, 000595
31 13:23, 150101 =>  070101,  12, 000565
31 13:40, 040101 =>  080401,  34, 000895
31 13:52, 150101 =>  150401,  24, 000740
31 14:24, 150101 =>  021501,  64, 000570
31 14:29, 150101 =>  100401,  10, 000831
31 14:36, 040101 =>  051001,  14, 000158
31 14:51, 150101 =>  150701,  29, 000099
31 15:11, 130101 =>  010201,  40, 000641
31 15:20, 150101 =>  110101,  18, 000312
31 16:03, 150101 =>  150401,  86, 000202
31 16:08, 150101 =>  100701,  11, 000924
31 16:18, 150101 =>  090401,  19, 000586
31 16:35, 040101 =>  081001,  34, 000483
31 17:06, 150101 =>  021301,  63, 000906
31 17:20, 130101 =>  010201,  27, 000560
31 17:27, 150101 =>  090301,  14, 000302
31 17:52, 150101 =>  190201,  50, 000939
31 18:14, 150101 =>  100801,  44, 000909
31 18:20, 040101 =>  211301,  13, 000624
31 18:33, 130101 =>  240101,  26, 000956
31 18:44, 130101 =>  200801,  21, 000640
31 18:49, 130101 =>  200701,  10, 000866
31 18:57, 040101 =>  250401,  16, 000578
31 19:05, 040101 =>  051101,  17, 000054
31 19:29, 150101 =>  120701,  48, 000257
31 19:42, 150101 =>  020701,  26, 000625
31 19:45, 040101 =>  210901,   5, 000436
31 19:57, 150101 =>  100201,  25, 000337
31 20:00, 130101 =>  010501,   6, 000044
31 20:08, 150101 =>  100501,  15, 000698
31 20:12, 130101 =>  220701,   8, 000528
31 20:18, 130101 =>  160501,  12, 000236
31 20:25, 150101 =>  150801,  14, 000161
31 20:29, 150101 =>  120901,   9, 000334
31 20:38, 150101 =>  021801,  18, 000667
31 20:48, 150101 =>  110401,  19, 000442
31 20:52, 040101 =>  050301,   9, 000397
31 20:55, 150101 =>  021801,   5, 000257
31 21:01, 130101 =>  060401,  13, 000886
31 21:04, 130101 =>  160501,   6, 000602
31 21:06, 040101 =>  030201,   4, 000195
31 21:12, 150101 =>  070101,  11, 000450
31 21:15, 130101 =>  140101,   7, 000614
31 21:23, 150101 =>  022001,  16, 000294
31 21:25, 150101 =>  070101,   4, 000133
31 21:28, 130101 =>  220901,   5, 000172
31 21:29, 130101 =>  060101,   3, 000485
31 21:31, 040101 =>  081001,   4, 000036
31 21:33, 150101 =>  110501,   3, 000837
31 21:34, 130101 =>  160101,   3, 000880
31 21:37, 040101 =>  080901,   5, 000281
31 21:40, 150101 =>  090401,   7, 000105
31 21:43, 150101 =>  110501,   6, 000690
31 21:46, 150101 =>  100901,   6, 000564
31 21:48, 150101 =>  021401,   4, 000258
31 21:49, 150101 =>  020101,   2, 000810
