01 00:56, 150101 =>  020501,  77, 000484
01 01:07, 150101 =>  120801,  15, 000792
01 01:14, 040101 =>  050101,   9, 000527
01 01:56, 040101 =>  051001,  58, 000958
01 02:32, 150101 =>  120201,  49, 000050
01 02:52, 150101 =>  100301,  27, 000920
01 03:43, 130101 =>  010301,  70, 000943
01 04:07, 040101 =>  210101,  32, 000130
01 04:58, 130101 =>  130701,  70, 000345
01 05:14, 130101 =>  131101,  22, 000557
01 05:34, 040101 =>  210101,  27, 000760
01 06:10, 040101 =>  040301,  49, 000333
01 06:15, 130101 =>  220201,   7, 000891
01 06:18, 040101 =>  210701,   4, 000106
01 06:42, 150101 =>  100701,  33, 000082
01 07:42, 150101 =>  150201,  82, 000095
01 08:26, 150101 =>  090701,  59, 000672
01 08:31, 130101 =>  220801,   8, 000694
01 08:45, 150101 =>  190101,  19, 000801
01 09:21, 150101 =>  150301,  49, 000643
01 09:41, 150101 =>  020901,  27, 000087
01 09:57, 150101 =>  150301,  22, 000328
01 10:13, 130101 =>  130501,  21, 000008
01 10:26, 130101 =>  220801,  18, 000617
01 11:18, 150101 =>  150801,  71, 000660
01 11:25, 150101 =>  120501,  10, 000511
01 12:28, 150101 =>  020201,  86, 000198
01 12:36, 130101 =>  140101,  10, 000344
01 13:36, 040101 =>  180101,  82, 000727
01 14:12, 040101 =>  030401,  49, 000944
01 14:51, 040101 =>  040201,  53, 000180
01 15:07, 150101 =>  021201,  23, 000786
01 15:33, 040101 =>  050101,  35, 000826
01 15:59, 150101 =>  120401,  36, 000534
01 16:15, 040101 =>  050501,  21, 000242
01 16:18, 040101 =>  250201,   4, 000109
01 16:41, 130101 =>  060701,  32, 000036
01 17:25, 150101 =>  100101,  59, 000969
01 17:33, 040101 =>  040201,  12, 000233
01 17:36, 040101 =>  180201,   4, 000341
01 18:08, 150101 =>  190201,  43, 000345
01 18:11, 040101 =>  080601,   4, 000078
01 18:19, 150101 =>  021001,  11, 000934
01 18:39, 040101 =>  030101,  27, 000979
01 19:01, 150101 =>  020701,  31, 000298
01 19:09, 130101 =>  220901,  11, 000013
01 19:18, 150101 =>  090501,  12, 000110
01 19:31, 150101 =>  151001,  17, 000396
01 19:37, 150101 =>  101101,   8, 000166
01 19:53, 130101 =>  160801,  22, 000104
01 20:02, 040101 =>  080701,  13, 000588
01 20:10, 040101 =>  030101,  10, 000619
01 20:13, 150101 =>  020301,   5, 000942
01 20:16, 040101 =>  040801,   4, 000636
01 20:21, 040101 =>  230301,   6, 000236
01 20:23, 040101 =>  250101,   3, 000028
01 20:28, 150101 =>  120301,   7, 000966
01 20:31, 150101 =>  120501,   4, 000349
01 20:34, 150101 =>  120501,   4, 000782
01 20:37, 150101 =>  110101,   4, 000235
01 20:51, 130101 =>  130801,  19, 000030
01 20:53, 040101 =>  170101,   3, 000050
02 00:22, 150101 =>  120101,  31, 000194
02 01:02, 150101 =>  100701,  54, 000300
02 01:36, 150101 =>  150701,  46, 000680
02 02:10, 040101 =>  180101,  47, 000201
02 02:17, 040101 =>  210501,  10, 000054
02 03:11, 130101 =>  160701,  73, 000648
02 03:38, 150101 =>  021701,  37, 000719
02 03:47, 040101 =>  050101,  12, 000730
02 04:59, 150101 =>  120601,  98, 000089
02 05:05, 150101 =>  090501,   9, 000908
02 06:06, 040101 =>  210201,  83, 000171
02 06:45, 150101 =>  090501,  53, 000111
02 07:25, 150101 =>  100201,  54, 000650
02 07:31, 150101 =>  110501,   8, 000524
02 07:54, 150101 =>  120401,  32, 000776
02 08:14, 150101 =>  020501,  27, 000897
02 08:57, 040101 =>  170101,  59, 000443
02 09:18, 150101 =>  020101,  29, 000163
02 09:40, 040101 =>  040201,  29, 000959
02 10:18, 150101 =>  101101,  52, 000445
02 11:19, 150101 =>  110401,  84, 000570
02 11:40, 150101 =>  190101,  28, 000446
02 12:20, 150101 =>  120401,  55, 000149
02 13:06, 040101 =>  040601,  62, 000913
02 13:34, 040101 =>  211001,  39, 000448
02 13:41, 150101 =>  021901,   9, 000210
02 14:10, 150101 =>  190101,  40, 000110
02 14:36, 130101 =>  010301,  35, 000437
02 15:15, 130101 =>  060701,  54, 000023
02 15:40, 150101 =>  120201,  33, 000905
02 16:01, 040101 =>  250101,  29, 000125
02 16:23, 040101 =>  050501,  30, 000946
02 16:47, 150101 =>  120401,  33, 000424
02 17:01, 150101 =>  022001,  19, 000734
02 17:11, 150101 =>  021301,  13, 000184
02 17:38, 040101 =>  250201,  37, 000025
02 17:49, 150101 =>  021401,  15, 000317
02 17:53, 150101 =>  090501,   6, 000689
02 17:58, 150101 =>  021601,   7, 000714
02 18:11, 040101 =>  230401,  18, 000990
02 18:17, 150101 =>  150601,   7, 000890
02 18:20, 150101 =>  150301,   4, 000327
02 18:22, 150101 =>  110401,   3, 000971
03 00:25, 150101 =>  021301,  35, 000949
03 00:42, 150101 =>  150401,  23, 000200
03 01:18, 040101 =>  250101,  49, 000201
03 02:28, 150101 =>  120401,  96, 000478
03 03:10, 130101 =>  010501,  57, 000427
03 03:19, 040101 =>  080901,  12, 000920
03 03:38, 040101 =>  050801,  26, 000926
03 03:59, 150101 =>  100901,  29, 000612
03 04:51, 130101 =>  240201,  70, 000140
03 05:40, 150101 =>  090601,  67, 000456
03 05:42, 150101 =>  020901,   3, 000548
03 06:01, 040101 =>  230101,  26, 000862
03 06:08, 040101 =>  210301,   9, 000266
03 07:11, 150101 =>  090601,  87, 000686
03 07:15, 130101 =>  200201,   5, 000279
03 08:12, 150101 =>  020801,  77, 000388
03 08:52, 150101 =>  120301,  55, 000506
03 09:16, 130101 =>  200801,  33, 000219
03 09:34, 150101 =>  120101,  24, 000149
03 10:12, 150101 =>  090501,  52, 000597
03 10:32, 150101 =>  021801,  28, 000210
03 10:33, 040101 =>  040301,   1, 000108
03 11:31, 040101 =>  180301,  79, 000191
03 11:37, 150101 =>  021601,   8, 000642
03 12:36, 150101 =>  120701,  81, 000929
03 12:43, 130101 =>  200401,   9, 000678
03 13:11, 040101 =>  170101,  38, 000823
03 13:32, 040101 =>  170101,  29, 000233
03 14:08, 150101 =>  020101,  49, 000035
03 14:45, 150101 =>  120201,  50, 000336
03 15:15, 150101 =>  020301,  42, 000939
03 15:21, 150101 =>  020701,   8, 000515
03 15:29, 150101 =>  021401,  11, 000288
03 15:45, 150101 =>  120201,  21, 000009
03 15:57, 150101 =>  020201,  17, 000597
03 16:02, 130101 =>  131001,   7, 000207
03 16:05, 150101 =>  090501,   4, 000093
03 16:10, 150101 =>  090401,   7, 000354
03 16:34, 040101 =>  080701,  32, 000209
03 16:38, 150101 =>  120601,   6, 000877
03 16:43, 150101 =>  021601,   6, 000254
03 16:46, 150101 =>  022001,   4, 000934
03 17:11, 130101 =>  131201,  34, 000939
03 17:14, 150101 =>  021101,   5, 000113
03 17:59, 040101 =>  081301,  61, 000727
03 18:01, 150101 =>  150501,   3, 000394
03 18:39, 040101 =>  080501,  51, 000188
04 00:14, 150101 =>  150801,  20, 000466
04 00:55, 130101 =>  060201,  55, 000029
04 01:00, 130101 =>  221001,   8, 000462
04 02:06, 130101 =>  061201,  90, 000454
04 02:48, 150101 =>  020701,  57, 000366
04 03:57, 040101 =>  230401,  94, 000138
04 04:23, 150101 =>  150601,  35, 000353
04 04:40, 130101 =>  240101,  24, 000220
04 05:35, 150101 =>  150801,  75, 000121
04 05:41, 040101 =>  040801,   7, 000110
04 06:16, 150101 =>  151001,  49, 000333
04 06:19, 130101 =>  200701,   4, 000183
04 07:13, 150101 =>  090101,  73, 000034
04 08:08, 040101 =>  210401,  75, 000300
04 09:04, 040101 =>  050201,  76, 000981
04 10:02, 040101 =>  080201,  79, 000425
04 10:39, 040101 =>  050101,  51, 000740
04 11:29, 150101 =>  090701,  68, 000068
04 11:50, 150101 =>  100401,  29, 000181
04 12:08, 150101 =>  101101,  25, 000487
04 12:37, 150101 =>  110401,  39, 000085
04 13:09, 040101 =>  050101,  44, 000102
04 13:20, 040101 =>  080501,  15, 000277
04 13:35, 150101 =>  090401,  20, 000535
04 13:47, 150101 =>  110401,  17, 000563
04 13:59, 040101 =>  051001,  16, 000408
04 14:07, 040101 =>  180101,  11, 000706
04 14:14, 150101 =>  021301,   9, 000728
04 14:31, 130101 =>  160601,  23, 000423
04 14:52, 130101 =>  060801,  29, 000999
04 15:02, 150101 =>  150401,  13, 000806
04 15:30, 130101 =>  220701,  39, 000844
04 15:32, 130101 =>  010601,   3, 000359
04 15:50, 150101 =>  101101,  24, 000323
04 16:33, 150101 =>  090501,  59, 000107
04 17:07, 150101 =>  110201,  46, 000704
04 17:36, 150101 =>  021201,  40, 000252
04 17:41, 040101 =>  050501,   7, 000465
04 17:51, 040101 =>  030701,  13, 000317
04 18:28, 150101 =>  150901,  51, 000393
04 18:41, 150101 =>  150601,  17, 000559
04 19:01, 150101 =>  101101,  28, 000809
04 19:06, 040101 =>  050201,   6, 000064
04 19:11, 040101 =>  250401,   7, 000315
04 19:19, 130101 =>  220101,  11, 000045
04 19:28, 040101 =>  040201,  13, 000072
04 19:35, 040101 =>  030201,   9, 000991
04 19:57, 150101 =>  070101,  30, 000233
04 20:00, 040101 =>  211001,   4, 000050
04 20:10, 150101 =>  020701,  13, 000834
04 20:18, 150101 =>  101001,  11, 000365
04 20:22, 040101 =>  230301,   6, 000053
04 20:30, 150101 =>  190301,  11, 000562
04 20:35, 130101 =>  130301,   7, 000855
04 20:40, 150101 =>  110201,   6, 000881
04 20:48, 150101 =>  110401,  12, 000091
04 21:02, 130101 =>  160201,  18, 000700
04 21:13, 130101 =>  010401,  16, 000690
04 21:16, 040101 =>  050901,   4, 000146
04 21:18, 040101 =>  180301,   2, 000315
05 00:43, 150101 =>  090301,  60, 000776
05 01:06, 150101 =>  120301,  33, 000925
05 01:58, 150101 =>  190201,  73, 000772
05 02:20, 040101 =>  230401,  30, 000840
05 02:27, 130101 =>  200501,  10, 000994
05 03:07, 040101 =>  030101,  55, 000211
05 03:12, 150101 =>  090401,   7, 000723
05 03:57, 150101 =>  120501,  64, 000844
05 05:00, 040101 =>  030501,  87, 000732
05 05:33, 150101 =>  120301,  46, 000867
05 06:19, 130101 =>  220401,  65, 000410
05 07:14, 150101 =>  021201,  76, 000184
05 07:42, 150101 =>  110301,  40, 000439
05 07:50, 130101 =>  200401,  10, 000964
05 08:25, 150101 =>  150401,  50, 000323
05 09:25, 150101 =>  020801,  83, 000168
05 09:56, 130101 =>  061301,  43, 000068
05 10:19, 150101 =>  021301,  32, 000120
05 10:46, 150101 =>  110201,  38, 000790
05 11:54, 040101 =>  210201,  95, 000130
05 13:01, 150101 =>  020701,  94, 000206
05 13:29, 040101 =>  080101,  38, 000321
05 13:51, 040101 =>  210201,  31, 000860
05 14:26, 040101 =>  050901,  49, 000645
05 15:16, 130101 =>  060901,  70, 000687
05 15:46, 040101 =>  050701,  42, 000518
05 16:20, 150101 =>  100701,  47, 000397
05 16:51, 150101 =>  120201,  43, 000388
05 17:22, 130101 =>  130701,  44, 000818
05 17:38, 150101 =>  100801,  22, 000023
05 17:48, 150101 =>  021401,  14, 000817
05 18:16, 130101 =>  200501,  39, 000787
05 18:25, 130101 =>  160501,  12, 000296
05 18:36, 130101 =>  130401,  16, 000476
05 18:47, 130101 =>  160301,  15, 000786
05 18:53, 150101 =>  090301,   9, 000578
05 19:14, 040101 =>  080501,  29, 000789
05 19:19, 130101 =>  010401,   7, 000563
05 19:30, 040101 =>  170101,  15, 000160
05 19:38, 040101 =>  210201,  12, 000813
05 19:52, 150101 =>  021901,  19, 000225
05 20:02, 150101 =>  020301,  14, 000129
05 20:09, 150101 =>  090201,  10, 000234
05 20:19, 150101 =>  120901,  13, 000618
05 20:23, 150101 =>  021801,   6, 000934
05 20:26, 150101 =>  110101,   5, 000810
05 20:29, 150101 =>  090701,   4, 000934
05 20:35, 130101 =>  010401,   8, 000359
05 20:41, 130101 =>  130401,   8, 000055
05 20:44, 150101 =>  150201,   4, 000370
05 20:45, 150101 =>  100701,   2, 000310
06 00:49, 150101 =>  190301,  69, 000321
06 01:31, 040101 =>  080701,  59, 000511
06 02:11, 040101 =>  080501,  56, 000834
06 02:59, 130101 =>  140301,  66, 000049
06 04:05, 040101 =>  050701,  93, 000818
06 04:41, 150101 =>  150401,  50, 000819
06 05:03, 150101 =>  021601,  31, 000503
06 05:36, 130101 =>  061301,  46, 000686
06 05:54, 150101 =>  100801,  24, 000728
06 06:09, 150101 =>  120501,  22, 000865
06 06:41, 040101 =>  081301,  44, 000661
06 07:07, 130101 =>  160501,  36, 000243
06 07:52, 150101 =>  190301,  63, 000726
06 07:55, 150101 =>  150501,   4, 000483
06 07:57, 040101 =>  080301,   3, 000933
06 08:40, 130101 =>  060901,  60, 000995
06 08:49, 130101 =>  061201,  13, 000690
06 09:55, 150101 =>  020801,  92, 000939
06 10:16, 130101 =>  010201,  29, 000315
06 10:27, 130101 =>  160601,  15, 000206
06 10:46, 130101 =>  010601,  27, 000503
06 10:52, 040101 =>  051001,   8, 000247
06 12:00, 150101 =>  021901,  95, 000145
06 12:00, 150101 =>  100401,   1, 000238
06 12:05, 130101 =>  060501,   6, 000810
06 12:16, 150101 =>  150201,  15, 000225
06 12:32, 040101 =>  040501,  23, 000799
06 13:24, 040101 =>  080101,  72, 000167
06 13:35, 130101 =>  130701,  16, 000079
06 13:53, 150101 =>  021001,  25, 000718
06 13:58, 130101 =>  220101,   7, 000300
06 14:03, 040101 =>  050701,   7, 000049
06 14:42, 150101 =>  020801,  55, 000574
06 14:47, 040101 =>  210601,   6, 000296
06 15:46, 150101 =>  020201,  83, 000284
06 16:35, 150101 =>  150501,  68, 000293
06 17:07, 150101 =>  021001,  45, 000502
06 17:36, 040101 =>  250401,  40, 000464
06 17:46, 150101 =>  020201,  14, 000379
06 17:55, 150101 =>  090501,  12, 000355
06 18:00, 130101 =>  200701,   7, 000563
06 18:02, 130101 =>  240201,   3, 000355
06 18:24, 040101 =>  050501,  31, 000737
06 18:30, 130101 =>  200801,   9, 000242
06 18:46, 040101 =>  081201,  22, 000029
06 19:13, 150101 =>  090301,  38, 000847
06 19:22, 150101 =>  150701,  12, 000442
06 19:27, 150101 =>  120901,   7, 000777
06 19:29, 130101 =>  160501,   3, 000624
06 19:42, 040101 =>  030101,  18, 000407
06 19:47, 130101 =>  220801,   7, 000067
06 19:49, 130101 =>  200601,   3, 000311
06 19:58, 040101 =>  230101,  12, 000415
06 20:08, 150101 =>  070101,  14, 000844
06 20:11, 130101 =>  221001,   4, 000266
06 20:19, 150101 =>  090301,  11, 000999
06 20:25, 150101 =>  020801,   9, 000377
06 20:32, 150101 =>  020501,  10, 000163
06 20:44, 040101 =>  210101,  17, 000565
06 20:47, 130101 =>  010301,   4, 000851
07 00:22, 040101 =>  030601,  31, 000810
07 01:26, 130101 =>  140101,  89, 000030
07 01:53, 130101 =>  240101,  38, 000956
07 02:42, 150101 =>  020501,  69, 000787
07 03:14, 040101 =>  180201,  45, 000932
07 03:42, 150101 =>  120101,  39, 000592
07 03:50, 150101 =>  100601,  11, 000350
07 04:14, 150101 =>  021901,  33, 000007
07 04:53, 150101 =>  021601,  54, 000269
07 05:55, 150101 =>  110201,  87, 000263
07 06:11, 040101 =>  230201,  23, 000677
07 07:04, 150101 =>  090201,  74, 000345
07 07:37, 150101 =>  090201,  46, 000022
07 08:01, 150101 =>  100101,  33, 000809
07 08:25, 150101 =>  120801,  33, 000289
07 08:48, 040101 =>  081101,  33, 000863
07 09:21, 130101 =>  130601,  45, 000846
07 09:51, 040101 =>  050101,  42, 000101
07 10:36, 150101 =>  120101,  63, 000350
07 11:17, 130101 =>  060101,  58, 000131
07 12:04, 150101 =>  150501,  65, 000661
07 12:33, 150101 =>  100901,  40, 000492
07 12:49, 150101 =>  150501,  23, 000217
07 13:29, 040101 =>  230101,  55, 000040
07 14:13, 150101 =>  100601,  62, 000497
07 14:40, 150101 =>  100401,  38, 000540
07 15:10, 150101 =>  090701,  41, 000512
07 15:26, 130101 =>  140101,  23, 000245
07 15:32, 150101 =>  100801,   8, 000795
07 15:35, 150101 =>  110501,   5, 000560
07 15:52, 150101 =>  190101,  23, 000022
07 16:36, 040101 =>  081301,  61, 000701
07 16:38, 150101 =>  020101,   3, 000867
07 17:33, 040101 =>  081201,  77, 000124
07 18:00, 040101 =>  081301,  37, 000811
07 18:10, 150101 =>  110401,  14, 000144
07 18:15, 150101 =>  090601,   8, 000194
07 18:23, 150101 =>  150201,  11, 000008
07 18:27, 130101 =>  221001,   5, 000040
07 18:37, 040101 =>  170301,  14, 000225
07 18:40, 150101 =>  090301,   4, 000740
07 18:44, 150101 =>  021001,   6, 000542
07 19:03, 040101 =>  040401,  27, 000248
07 19:06, 150101 =>  150701,   4, 000073
07 19:16, 130101 =>  010301,  14, 000403
07 19:19, 150101 =>  150801,   4, 000222
07 19:23, 040101 =>  080901,   6, 000727
07 19:31, 040101 =>  230401,  11, 000085
07 19:39, 040101 =>  250401,  11, 000632
07 19:52, 040101 =>  210101,  18, 000967
07 19:56, 150101 =>  120701,   5, 000281
07 19:58, 150101 =>  100801,   3, 000972
07 20:02, 040101 =>  230201,   6, 000647
08 00:05, 150101 =>  020701,   8, 000811
08 00:48, 150101 =>  150301,  59, 000811
08 00:56, 150101 =>  070101,  12, 000448
08 01:08, 130101 =>  160501,  16, 000615
08 01:22, 150101 =>  120301,  20, 000881
08 02:03, 040101 =>  030401,  58, 000485
08 03:14, 150101 =>  021501,  98, 000783
08 03:16, 130101 =>  060301,   3, 000597
08 03:22, 150101 =>  021701,   8, 000570
08 03:24, 040101 =>  080401,   3, 000314
08 04:20, 040101 =>  030201,  79, 000413
08 04:55, 040101 =>  080501,  49, 000054
08 05:54, 150101 =>  070101,  82, 000735
08 06:47, 040101 =>  210101,  73, 000217
08 07:30, 040101 =>  210901,  61, 000049
08 07:50, 040101 =>  080601,  28, 000967
08 08:18, 130101 =>  130901,  38, 000957
08 09:26, 150101 =>  020201,  95, 000812
08 10:12, 130101 =>  200301,  65, 000981
08 10:34, 150101 =>  150201,  30, 000686
08 11:13, 150101 =>  020501,  55, 000432
08 11:40, 040101 =>  080501,  38, 000073
08 12:12, 040101 =>  180101,  44, 000580
08 12:49, 150101 =>  150301,  52, 000941
08 13:14, 040101 =>  210301,  35, 000880
08 13:47, 150101 =>  070101,  46, 000729
08 14:29, 130101 =>  160801,  58, 000530
08 14:49, 130101 =>  130501,  28, 000644
08 15:44, 150101 =>  150201,  77, 000266
08 16:44, 150101 =>  120601,  83, 000815
08 16:47, 040101 =>  050801,   5, 000532
08 16:59, 150101 =>  120301,  17, 000337
08 17:11, 040101 =>  080801,  16, 000395
08 17:34, 150101 =>  100901,  32, 000896
08 17:52, 150101 =>  190201,  26, 000928
08 18:05, 040101 =>  040801,  17, 000586
08 18:25, 150101 =>  020901,  29, 000871
08 18:28, 150101 =>  110501,   4, 000624
08 18:48, 150101 =>  100601,  28, 000377
08 18:53, 040101 =>  211101,   6, 000698
08 18:56, 150101 =>  020601,   5, 000178
08 19:02, 130101 =>  060701,   8, 000130
08 19:10, 150101 =>  090501,  12, 000578
08 19:19, 150101 =>  020801,  12, 000203
08 19:25, 040101 =>  030501,   8, 000203
08 19:32, 150101 =>  021901,  10, 000721
08 19:35, 130101 =>  160401,   4, 000370
08 19:39, 150101 =>  090701,   6, 000702
08 19:43, 150101 =>  110101,   5, 000242
08 19:46, 150101 =>  190101,   4, 000291
08 19:48, 150101 =>  190301,   3, 000257
09 00:19, 150101 =>  070101,  28, 000312
09 00:42, 150101 =>  020901,  33, 000710
09 00:52, 040101 =>  180201,  14, 000901
09 01:20, 150101 =>  120601,  40, 000503
09 01:31, 040101 =>  210801,  15, 000410
09 01:33, 130101 =>  240301,   3, 000526
09 01:41, 040101 =>  030101,  12, 000873
09 02:31, 130101 =>  200201,  71, 000049
09 02:42, 150101 =>  110501,  16, 000252
09 03:14, 150101 =>  021101,  46, 000986
09 03:43, 040101 =>  051101,  41, 000771
09 04:16, 130101 =>  220201,  47, 000806
09 05:13, 150101 =>  020801,  82, 000293
09 05:35, 150101 =>  110301,  31, 000352
09 05:59, 150101 =>  150901,  35, 000663
09 06:34, 130101 =>  130701,  49, 000498
09 07:02, 150101 =>  100701,  40, 000349
09 07:04, 130101 =>  061201,   4, 000956
09 08:11, 150101 =>  100401,  95, 000006
09 08:50, 040101 =>  210301,  56, 000514
09 09:27, 130101 =>  061301,  52, 000433
09 09:45, 130101 =>  200401,  27, 000134
09 10:45, 150101 =>  151001,  85, 000302
09 11:23, 150101 =>  120901,  55, 000300
09 11:35, 150101 =>  100401,  16, 000278
09 11:43, 150101 =>  100801,  12, 000882
09 12:24, 150101 =>  020401,  59, 000103
09 12:41, 150101 =>  100701,  24, 000643
09 13:18, 040101 =>  050301,  53, 000615
09 13:57, 150101 =>  100201,  55, 000835
09 14:25, 150101 =>  100601,  40, 000238
09 14:32, 150101 =>  100101,  11, 000644
09 15:31, 040101 =>  250201,  84, 000199
09 15:33, 130101 =>  220801,   3, 000598
09 15:54, 150101 =>  100601,  30, 000302
09 16:06, 150101 =>  090201,  17, 000019
09 16:22, 150101 =>  020701,  22, 000018
09 16:33, 040101 =>  050401,  16, 000222
09 16:46, 150101 =>  150401,  19, 000704
09 16:55, 150101 =>  090401,  12, 000755
09 17:09, 040101 =>  040201,  20, 000366
09 17:14, 150101 =>  021201,   8, 000480
09 17:32, 040101 =>  210801,  26, 000921
09 17:58, 040101 =>  210801,  37, 000108
09 18:00, 150101 =>  090201,   3, 000317
09 18:07, 130101 =>  131201,  10, 000514
09 18:10, 150101 =>  090501,   4, 000591
09 18:14, 150101 =>  021801,   5, 000688
09 18:16, 150101 =>  150801,   3, 000739
09 18:17, 150101 =>  021001,   2, 000381
10 00:17, 150101 =>  120201,  25, 000997
10 00:37, 040101 =>  030301,  28, 000765
10 00:53, 040101 =>  081101,  23, 000152
10 01:28, 150101 =>  020201,  50, 000627
10 01:53, 150101 =>  120701,  36, 000250
10 02:03, 150101 =>  020401,  14, 000440
10 02:26, 040101 =>  080601,  33, 000437
10 03:23, 040101 =>  210201,  81, 000133
10 04:00, 150101 =>  022001,  53, 000280
10 04:28, 150101 =>  100301,  41, 000302
10 05:36, 150101 =>  100901,  97, 000227
10 05:49, 150101 =>  021101,  18, 000795
10 06:30, 040101 =>  050501,  59, 000040
10 07:09, 150101 =>  110101,  55, 000290
10 07:58, 040101 =>  030201,  70, 000754
10 08:00, 040101 =>  080401,   4, 000171
10 08:39, 150101 =>  020101,  55, 000224
10 09:07, 040101 =>  230301,  40, 000858
10 09:15, 150101 =>  020601,  12, 000720
10 09:34, 150101 =>  150201,  27, 000325
10 09:52, 040101 =>  080801,  25, 000344
10 10:16, 150101 =>  110401,  34, 000784
10 10:23, 040101 =>  030201,  11, 000453
10 10:31, 150101 =>  150501,  11, 000504
10 10:40, 150101 =>  100901,  13, 000749
10 11:00, 150101 =>  021501,  29, 000891
10 11:24, 040101 =>  170101,  34, 000563
10 11:41, 130101 =>  240101,  24, 000465
10 11:45, 150101 =>  120701,   6, 000376
10 12:33, 150101 =>  100601,  69, 000433
10 13:31, 150101 =>  190301,  82, 000297
10 14:00, 130101 =>  130701,  42, 000055
10 14:42, 150101 =>  021101,  59, 000092
10 15:47, 130101 =>  160701,  93, 000260
10 15:53, 150101 =>  070101,   9, 000315
10 16:29, 130101 =>  240201,  52, 000747
10 16:36, 150101 =>  120801,  10, 000513
10 16:53, 040101 =>  080701,  24, 000226
10 17:16, 150101 =>  090701,  33, 000547
10 17:33, 150101 =>  101101,  24, 000269
10 17:48, 150101 =>  120701,  21, 000181
10 18:11, 040101 =>  040401,  33, 000170
10 18:14, 150101 =>  021601,   4, 000807
10 18:44, 130101 =>  200301,  43, 000659
10 18:53, 150101 =>  022001,  13, 000009
10 19:13, 040101 =>  250101,  29, 000727
10 19:17, 040101 =>  050801,   6, 000111
10 19:29, 130101 =>  060501,  17, 000754
10 19:40, 130101 =>  240101,  15, 000845
10 19:43, 150101 =>  120101,   4, 000023
10 19:50, 040101 =>  081101,  11, 000369
10 19:53, 130101 =>  060501,   4, 000016
10 20:02, 040101 =>  230301,  13, 000626
10 20:06, 150101 =>  020601,   6, 000478
10 20:10, 150101 =>  022001,   5, 000069
10 20:15, 040101 =>  170301,   7, 000977
10 20:18, 040101 =>  180101,   4, 000042
10 20:21, 040101 =>  170101,   5, 000958
10 20:37, 130101 =>  010501,  23, 000395
10 20:40, 150101 =>  021801,   4, 000842
10 20:42, 040101 =>  050101,   3, 000024
10 20:45, 150101 =>  021501,   4, 000783
10 20:51, 130101 =>  200401,   9, 000258
10 20:52, 150101 =>  021701,   1, 000340
10 20:55, 040101 =>  210101,   4, 000874
11 00:22, 130101 =>  220501,  32, 000240
11 00:40, 150101 =>  090501,  26, 000217
11 00:43, 040101 =>  170101,   4, 000415
11 01:51, 130101 =>  060301,  97, 000720
11 01:54, 130101 =>  061101,   5, 000123
11 02:26, 040101 =>  030201,  45, 000353
11 02:51, 150101 =>  100901,  36, 000706
11 03:23, 040101 =>  211301,  45, 000796
11 03:31, 040101 =>  211201,  12, 000133
11 03:39, 150101 =>  100201,  12, 000805
11 03:55, 040101 =>  210101,  22, 000111
11 04:34, 150101 =>  090401,  56, 000260
11 04:44, 150101 =>  190201,  14, 000290
11 05:08, 130101 =>  130301,  35, 000626
11 06:08, 150101 =>  101101,  86, 000234
11 06:44, 130101 =>  010701,  51, 000787
11 07:45, 150101 =>  020301,  87, 000893
11 08:07, 150101 =>  100601,  31, 000275
11 08:26, 040101 =>  080401,  27, 000262
11 09:30, 040101 =>  030201,  92, 000995
11 10:15, 150101 =>  021501,  64, 000667
11 10:23, 150101 =>  020901,  12, 000453
11 10:49, 150101 =>  120101,  37, 000926
11 11:09, 150101 =>  090201,  29, 000805
11 11:14, 130101 =>  200601,   7, 000810
11 11:41, 150101 =>  120401,  38, 000202
11 12:02, 130101 =>  010401,  30, 000899
11 13:00, 040101 =>  030101,  83, 000524
11 13:28, 150101 =>  190101,  40, 000463
11 14:01, 040101 =>  030101,  47, 000685
11 14:18, 040101 =>  210801,  25, 000428
11 14:53, 150101 =>  021101,  50, 000864
11 15:56, 150101 =>  150701,  89, 000395
11 16:05, 130101 =>  200201,  13, 000665
11 16:28, 150101 =>  021501,  33, 000573
11 16:56, 150101 =>  090301,  40, 000620
11 17:04, 150101 =>  021801,  11, 000620
11 17:26, 150101 =>  110101,  32, 000411
11 17:30, 150101 =>  021701,   5, 000609
11 17:43, 130101 =>  010401,  19, 000866
11 18:05, 150101 =>  021701,  32, 000838
11 18:11, 150101 =>  090101,   8, 000392
11 18:14, 150101 =>  020801,   5, 000100
11 18:17, 150101 =>  100201,   4, 000784
11 18:24, 150101 =>  020401,  10, 000475
11 18:28, 150101 =>  110101,   5, 000163
11 18:41, 130101 =>  130801,  19, 000200
11 18:44, 150101 =>  022001,   4, 000477
11 18:50, 040101 =>  180301,   9, 000295
11 18:59, 150101 =>  100401,  13, 000317
11 19:03, 150101 =>  120801,   5, 000534
11 19:07, 150101 =>  110201,   6, 000681
11 19:38, 040101 =>  040201,  45, 000342
11 19:45, 040101 =>  050501,  10, 000192
11 19:57, 040101 =>  081001,  17, 000562
11 20:02, 150101 =>  120901,   7, 000547
11 20:06, 150101 =>  090501,   5, 000762
11 20:08, 150101 =>  110501,   3, 000017
12 01:09, 150101 =>  150601,  99, 000890
12 01:56, 150101 =>  020201,  68, 000014
12 02:40, 150101 =>  090201,  62, 000501
12 03:38, 130101 =>  200201,  83, 000555
12 04:30, 150101 =>  020601,  74, 000949
12 05:01, 150101 =>  021001,  44, 000087
12 05:05, 040101 =>  211001,   7, 000924
12 05:57, 040101 =>  081001,  73, 000472
12 06:22, 130101 =>  010201,  37, 000144
12 07:13, 150101 =>  020101,  72, 000535
12 07:40, 040101 =>  210501,  39, 000923
12 07:42, 040101 =>  211001,   3, 000485
12 08:45, 150101 =>  090601,  89, 000337
12 09:21, 040101 =>  211101,  52, 000662
12 10:20, 040101 =>  250201,  85, 000884
12 11:28, 150101 =>  150901,  96, 000636
12 12:08, 130101 =>  010701,  58, 000639
12 13:09, 150101 =>  150301,  87, 000124
12 13:25, 130101 =>  130501,  23, 000454
12 14:27, 040101 =>  040501,  88, 000031
12 14:51, 040101 =>  051001,  34, 000804
12 15:18, 040101 =>  081201,  39, 000022
12 15:50, 040101 =>  170101,  46, 000910
12 16:38, 150101 =>  150901,  69, 000576
12 17:14, 150101 =>  190301,  51, 000041
12 17:29, 040101 =>  040801,  21, 000181
12 17:48, 130101 =>  220301,  27, 000460
12 17:55, 040101 =>  081101,  10, 000655
12 18:07, 040101 =>  050701,  18, 000666
12 18:16, 130101 =>  160701,  13, 000033
12 18:36, 150101 =>  090601,  28, 000069
12 18:40, 150101 =>  101001,   5, 000303
12 18:51, 150101 =>  020801,  16, 000599
12 19:08, 150101 =>  120801,  25, 000661
12 19:19, 040101 =>  081301,  16, 000269
12 19:24, 040101 =>  080201,   6, 000407
12 19:33, 150101 =>  110501,  13, 000411
12 19:38, 150101 =>  151001,   7, 000884
12 19:40, 040101 =>  040201,   4, 000120
12 20:08, 130101 =>  160701,  40, 000136
12 20:12, 040101 =>  250301,   5, 000922
12 20:21, 150101 =>  120101,  13, 000550
12 20:28, 130101 =>  240101,  10, 000115
12 20:30, 040101 =>  080501,   3, 000374
12 20:34, 040101 =>  210401,   6, 000796
12 20:37, 040101 =>  081301,   4, 000645
12 20:40, 040101 =>  170301,   4, 000211
12 20:53, 130101 =>  160101,  19, 000634
12 20:54, 040101 =>  050301,   1, 000234
12 20:57, 150101 =>  150701,   4, 000880
12 21:00, 130101 =>  140101,   4, 000664
12 21:02, 150101 =>  120401,   4, 000589
12 21:05, 150101 =>  100301,   4, 000897
12 21:16, 130101 =>  160301,  15, 000027
12 21:25, 130101 =>  130401,  14, 000619
12 21:28, 150101 =>  090401,   3, 000141
12 21:31, 150101 =>  150801,   5, 000679
13 00:49, 150101 =>  120701,  71, 000653
13 01:08, 150101 =>  120101,  27, 000581
13 01:14, 040101 =>  080801,   9, 000268
13 02:05, 130101 =>  200601,  72, 000473
13 02:43, 130101 =>  220801,  55, 000161
13 03:43, 150101 =>  100501,  85, 000182
13 03:58, 150101 =>  020301,  21, 000100
13 04:02, 040101 =>  211001,   7, 000782
13 04:12, 130101 =>  060801,  14, 000105
13 05:15, 040101 =>  030201,  89, 000022
13 05:37, 040101 =>  180301,  32, 000634
13 05:45, 130101 =>  061201,  12, 000633
13 06:00, 040101 =>  051101,  21, 000199
13 06:16, 130101 =>  061301,  23, 000600
13 07:21, 150101 =>  120701,  92, 000944
13 07:34, 130101 =>  010501,  19, 000125
13 08:21, 040101 =>  180201,  67, 000768
13 08:24, 130101 =>  160801,   5, 000382
13 08:48, 150101 =>  020601,  34, 000919
13 09:37, 150101 =>  150201,  70, 000300
13 10:20, 150101 =>  120801,  62, 000265
13 10:25, 040101 =>  030301,   7, 000937
13 11:00, 130101 =>  130601,  49, 000145
13 11:22, 150101 =>  120901,  32, 000711
13 11:42, 150101 =>  150801,  29, 000668
13 12:08, 040101 =>  080701,  36, 000094
13 12:39, 150101 =>  020801,  45, 000153
13 12:47, 130101 =>  221001,  11, 000535
13 12:52, 040101 =>  210601,   7, 000801
13 13:50, 150101 =>  100301,  84, 000072
13 14:09, 150101 =>  120901,  26, 000279
13 14:24, 150101 =>  150701,  22, 000456
13 15:12, 040101 =>  030601,  68, 000511
13 15:52, 150101 =>  100301,  58, 000110
13 16:17, 150101 =>  190301,  35, 000854
13 16:24, 040101 =>  040201,  11, 000340
13 17:06, 040101 =>  180201,  59, 000654
13 17:32, 150101 =>  150801,  38, 000760
13 17:37, 130101 =>  200201,   7, 000023
13 17:55, 130101 =>  130701,  25, 000744
13 18:12, 130101 =>  140201,  25, 000881
13 18:30, 040101 =>  210301,  25, 000957
13 18:58, 040101 =>  050201,  40, 000081
13 19:01, 150101 =>  020301,   4, 000906
13 19:13, 040101 =>  050801,  18, 000709
13 19:28, 150101 =>  150801,  21, 000573
13 19:35, 150101 =>  021301,  10, 000295
13 19:40, 150101 =>  021201,   7, 000853
13 19:47, 150101 =>  120401,  10, 000136
13 19:54, 040101 =>  030301,  11, 000866
13 19:57, 130101 =>  220401,   3, 000989
13 20:07, 150101 =>  021801,  15, 000573
13 20:12, 040101 =>  230201,   7, 000586
13 20:15, 150101 =>  020401,   4, 000815
13 20:22, 150101 =>  020801,  11, 000261
13 20:35, 130101 =>  131001,  18, 000903
13 20:41, 150101 =>  020101,   9, 000791
13 20:46, 130101 =>  060801,   7, 000847
13 20:49, 130101 =>  200701,   4, 000990
13 20:57, 040101 =>  080901,  11, 000288
13 21:02, 040101 =>  050201,   8, 000360
13 21:09, 040101 =>  050101,   9, 000398
13 21:11, 150101 =>  120401,   4, 000713
13 21:18, 040101 =>  050401,   9, 000155
13 21:21, 040101 =>  250101,   5, 000477
13 21:25, 150101 =>  090401,   6, 000533
13 21:29, 150101 =>  090501,   5, 000882
13 21:31, 040101 =>  040401,   3, 000202
13 21:34, 150101 =>  110101,   4, 000453
14 00:01, 130101 =>  130301,   2, 000710
14 00:36, 040101 =>  210901,  51, 000708
14 00:41, 130101 =>  200701,   7, 000279
14 01:28, 150101 =>  100901,  69, 000056
14 01:35, 130101 =>  220201,  11, 000100
14 01:52, 040101 =>  081201,  24, 000850
14 02:56, 150101 =>  021501,  95, 000284
14 03:50, 150101 =>  021101,  79, 000095
14 04:01, 150101 =>  020201,  16, 000360
14 04:50, 040101 =>  080201,  71, 000432
14 05:10, 150101 =>  150201,  30, 000449
14 05:40, 040101 =>  180301,  44, 000813
14 06:17, 040101 =>  050901,  53, 000100
14 07:03, 150101 =>  120401,  68, 000208
14 07:43, 040101 =>  211201,  58, 000401
14 08:17, 150101 =>  090701,  50, 000995
14 08:21, 130101 =>  160401,   6, 000013
14 08:29, 150101 =>  100801,  11, 000217
14 08:30, 150101 =>  101001,   2, 000841
14 08:32, 130101 =>  060201,   3, 000541
14 08:41, 040101 =>  080201,  13, 000395
14 09:12, 040101 =>  050201,  45, 000102
14 09:15, 130101 =>  160501,   5, 000388
14 09:53, 040101 =>  180101,  55, 000666
14 09:59, 150101 =>  120601,  10, 000485
14 10:12, 150101 =>  120701,  19, 000728
14 10:30, 150101 =>  150201,  25, 000655
14 10:44, 040101 =>  080501,  21, 000762
14 11:37, 150101 =>  100901,  78, 000636
14 11:43, 150101 =>  110501,   8, 000052
14 12:29, 150101 =>  022001,  68, 000941
14 13:24, 150101 =>  021001,  80, 000806
14 13:40, 130101 =>  200101,  23, 000208
14 14:31, 150101 =>  021201,  75, 000104
14 15:03, 150101 =>  100301,  47, 000946
14 15:14, 150101 =>  020901,  16, 000909
14 15:17, 040101 =>  211301,   4, 000342
14 15:30, 150101 =>  120701,  19, 000733
14 15:51, 040101 =>  050201,  31, 000752
14 15:55, 150101 =>  100801,   6, 000386
14 16:14, 040101 =>  230301,  28, 000691
14 16:17, 040101 =>  030701,   5, 000641
14 17:07, 130101 =>  200601,  72, 000478
14 17:11, 040101 =>  080201,   7, 000806
14 17:19, 040101 =>  180101,  11, 000644
14 17:24, 150101 =>  090401,   8, 000375
14 17:31, 040101 =>  081101,  10, 000904
14 17:39, 150101 =>  150201,  11, 000142
14 18:05, 130101 =>  160501,  38, 000472
14 18:07, 130101 =>  130401,   4, 000829
14 18:11, 040101 =>  180301,   6, 000998
14 18:18, 150101 =>  021201,  10, 000245
14 18:21, 040101 =>  210601,   4, 000854
14 18:25, 040101 =>  050301,   6, 000867
14 18:35, 150101 =>  101101,  15, 000017
14 18:37, 150101 =>  100401,   3, 000954
14 18:42, 150101 =>  020101,   7, 000309
14 18:46, 040101 =>  040601,   5, 000333
14 18:48, 130101 =>  200301,   4, 000491
14 18:56, 150101 =>  150501,  11, 000953
14 19:01, 150101 =>  101001,   7, 000842
14 19:03, 040101 =>  210701,   4, 000051
14 19:20, 130101 =>  160501,  25, 000613
14 19:24, 040101 =>  030701,   5, 000274
14 19:27, 150101 =>  120301,   5, 000257
14 19:29, 040101 =>  080101,   3, 000802
14 19:31, 150101 =>  120201,   3, 000911
14 19:54, 130101 =>  160501,  33, 000672
14 19:56, 040101 =>  250301,   3, 000889
15 00:10, 040101 =>  210501,  16, 000322
15 00:21, 150101 =>  090301,  15, 000803
15 01:28, 040101 =>  050201,  99, 000281
15 02:33, 040101 =>  081101,  94, 000879
15 03:09, 150101 =>  120301,  54, 000056
15 03:46, 040101 =>  040401,  53, 000444
15 04:25, 040101 =>  030201,  58, 000656
15 04:37, 150101 =>  090601,  17, 000211
15 05:21, 150101 =>  021301,  64, 000258
15 05:41, 040101 =>  030501,  30, 000447
15 06:28, 150101 =>  020801,  68, 000041
15 06:41, 040101 =>  040301,  20, 000018
15 07:13, 150101 =>  021901,  46, 000687
15 07:21, 130101 =>  131001,  12, 000910
15 07:51, 150101 =>  021401,  44, 000457
15 08:13, 150101 =>  110501,  32, 000848
15 09:12, 150101 =>  150201,  86, 000601
15 09:43, 040101 =>  080601,  46, 000388
15 10:18, 150101 =>  120301,  51, 000865
15 11:00, 150101 =>  021001,  61, 000657
15 11:11, 040101 =>  250201,  17, 000043
15 11:30, 040101 =>  080501,  27, 000086
15 11:52, 040101 =>  030501,  33, 000183
15 12:09, 040101 =>  081201,  25, 000602
15 13:08, 150101 =>  100701,  86, 000157
15 14:12, 150101 =>  070101,  93, 000314
15 14:39, 150101 =>  021601,  40, 000990
15 15:34, 130101 =>  140201,  80, 000479
15 15:37, 150101 =>  100101,   5, 000107
15 15:44, 150101 =>  022001,  10, 000203
15 16:13, 150101 =>  120601,  43, 000352
15 16:59, 130101 =>  220601,  67, 000426
15 17:46, 130101 =>  200501,  68, 000863
15 17:57, 150101 =>  020501,  17, 000340
15 18:02, 150101 =>  020601,   7, 000739
15 18:30, 130101 =>  131001,  41, 000621
15 18:41, 150101 =>  021701,  16, 000281
15 18:54, 150101 =>  120701,  19, 000407
15 18:57, 150101 =>  021201,   4, 000294
15 19:02, 040101 =>  050501,   8, 000520
15 19:12, 150101 =>  120201,  14, 000121
15 19:20, 150101 =>  090201,  12, 000971
15 19:30, 040101 =>  030101,  15, 000861
15 19:42, 130101 =>  131201,  18, 000534
15 19:52, 150101 =>  021501,  14, 000700
15 20:12, 130101 =>  160701,  29, 000504
15 20:15, 150101 =>  150901,   5, 000527
15 20:18, 040101 =>  051101,   4, 000017
15 20:25, 040101 =>  030701,  10, 000997
15 20:32, 150101 =>  190101,  10, 000566
15 20:42, 130101 =>  221001,  15, 000275
15 20:47, 150101 =>  100301,   8, 000920
15 20:49, 150101 =>  120901,   3, 000361
15 20:52, 150101 =>  100801,   4, 000487
15 20:54, 150101 =>  021201,   3, 000525
16 00:16, 040101 =>  210501,  24, 000346
16 01:06, 040101 =>  030201,  73, 000031
16 01:44, 150101 =>  090601,  56, 000787
16 01:51, 150101 =>  190201,  10, 000795
16 02:26, 040101 =>  040401,  51, 000477
16 03:11, 040101 =>  211001,  66, 000218
16 03:56, 150101 =>  090101,  66, 000452
16 04:17, 150101 =>  020101,  31, 000473
16 05:06, 130101 =>  220901,  71, 000475
16 05:08, 130101 =>  010701,   3, 000214
16 05:34, 150101 =>  021501,  39, 000443
16 05:39, 150101 =>  090501,   7, 000668
16 06:09, 040101 =>  170101,  43, 000151
16 06:13, 150101 =>  090501,   6, 000448
16 07:02, 040101 =>  080501,  72, 000572
16 07:30, 150101 =>  190101,  41, 000968
16 07:55, 150101 =>  020901,  37, 000870
16 08:33, 040101 =>  230201,  56, 000174
16 08:40, 150101 =>  120201,  10, 000607
16 09:10, 150101 =>  100901,  43, 000773
16 09:46, 150101 =>  090401,  53, 000549
16 10:40, 150101 =>  120901,  80, 000091
16 11:13, 040101 =>  030101,  48, 000905
16 11:28, 040101 =>  210601,  22, 000615
16 11:35, 040101 =>  210201,  10, 000566
16 12:41, 150101 =>  090601,  97, 000700
16 13:24, 130101 =>  010301,  63, 000687
16 14:25, 150101 =>  100201,  89, 000540
16 14:33, 040101 =>  050101,  12, 000570
16 15:01, 130101 =>  061101,  40, 000149
16 15:12, 130101 =>  200601,  16, 000186
16 15:32, 150101 =>  120401,  29, 000974
16 15:56, 130101 =>  140201,  36, 000325
16 16:07, 040101 =>  080401,  16, 000981
16 16:16, 040101 =>  210601,  13, 000236
16 16:32, 150101 =>  020701,  24, 000133
16 17:09, 150101 =>  100601,  54, 000370
16 17:14, 040101 =>  180301,   7, 000976
16 17:47, 150101 =>  090401,  48, 000756
16 18:20, 130101 =>  220701,  48, 000028
16 18:26, 040101 =>  180101,   9, 000654
16 18:39, 150101 =>  090601,  19, 000262
16 18:48, 040101 =>  211001,  14, 000508
16 19:03, 150101 =>  110501,  21, 000595
16 19:12, 150101 =>  101001,  14, 000436
16 19:29, 150101 =>  101101,  25, 000007
16 19:39, 130101 =>  010701,  14, 000542
16 19:44, 040101 =>  050101,   7, 000562
16 19:47, 130101 =>  200101,   5, 000736
16 19:54, 150101 =>  150701,  10, 000624
16 19:59, 040101 =>  050301,   8, 000266
16 20:01, 150101 =>  100801,   3, 000292
16 20:12, 130101 =>  240301,  16, 000832
16 20:17, 040101 =>  030401,   6, 000895
16 20:21, 150101 =>  190301,   7, 000151
16 20:25, 150101 =>  101101,   6, 000907
16 20:28, 150101 =>  150901,   4, 000216
16 20:33, 040101 =>  030601,   7, 000534
16 20:35, 040101 =>  080101,   3, 000169
16 20:38, 150101 =>  020701,   5, 000996
16 20:45, 130101 =>  060601,   9, 000628
16 20:49, 150101 =>  120601,   7, 000582
16 20:51, 150101 =>  190101,   3, 000486
16 20:54, 040101 =>  211301,   4, 000611
16 20:55, 040101 =>  211101,   1, 000149
17 00:06, 040101 =>  210801,  10, 000109
17 00:21, 150101 =>  120801,  21, 000519
17 00:42, 130101 =>  160201,  31, 000463
17 00:54, 040101 =>  080801,  18, 000880
17 01:09, 040101 =>  030401,  21, 000109
17 01:57, 130101 =>  200601,  71, 000102
17 02:40, 150101 =>  190301,  63, 000792
17 03:01, 150101 =>  100801,  30, 000185
17 04:09, 040101 =>  080301, 100, 000512
17 04:41, 130101 =>  010101,  47, 000760
17 04:57, 150101 =>  110101,  24, 000837
17 05:07, 150101 =>  020601,  14, 000848
17 05:17, 150101 =>  110401,  15, 000085
17 05:36, 130101 =>  010301,  28, 000750
17 05:47, 040101 =>  210901,  15, 000030
17 06:10, 130101 =>  220701,  34, 000117
17 07:11, 040101 =>  030101,  90, 000983
17 07:35, 150101 =>  120301,  34, 000043
17 07:54, 150101 =>  100201,  28, 000992
17 08:16, 040101 =>  040501,  32, 000891
17 09:02, 040101 =>  040601,  68, 000328
17 09:42, 150101 =>  120101,  58, 000346
17 09:46, 150101 =>  020801,   6, 000351
17 10:53, 150101 =>  120901,  98, 000070
17 11:10, 150101 =>  110201,  25, 000785
17 11:12, 040101 =>  040701,   3, 000550
17 11:37, 150101 =>  022001,  37, 000868
17 12:04, 130101 =>  200401,  39, 000324
17 12:10, 150101 =>  101101,   9, 000017
17 12:47, 040101 =>  030501,  54, 000309
17 12:58, 150101 =>  190201,  16, 000792
17 13:54, 150101 =>  150901,  82, 000975
17 14:07, 150101 =>  190301,  19, 000553
17 14:49, 150101 =>  021701,  61, 000239
17 14:53, 040101 =>  040601,   6, 000681
17 15:17, 040101 =>  211101,  36, 000746
17 15:59, 150101 =>  190301,  61, 000105
17 16:08, 130101 =>  130701,  14, 000735
17 16:29, 150101 =>  151001,  30, 000156
17 16:40, 040101 =>  051101,  16, 000509
17 16:43, 130101 =>  160101,   4, 000640
17 16:45, 150101 =>  021801,   4, 000202
17 16:56, 130101 =>  010201,  16, 000750
17 17:04, 130101 =>  130601,  11, 000418
17 17:32, 150101 =>  100101,  41, 000681
17 17:41, 040101 =>  080301,  13, 000462
17 17:48, 150101 =>  120101,  10, 000464
17 17:56, 130101 =>  010701,  13, 000545
17 18:03, 130101 =>  200101,   9, 000201
17 18:14, 040101 =>  180101,  16, 000005
17 18:18, 150101 =>  190201,   6, 000215
17 18:30, 040101 =>  170201,  18, 000843
17 18:49, 150101 =>  120301,  28, 000545
17 19:05, 150101 =>  120801,  24, 000237
17 19:10, 040101 =>  030701,   7, 000106
17 19:17, 150101 =>  110101,  10, 000278
17 19:28, 150101 =>  120801,  16, 000382
17 19:35, 150101 =>  100901,  10, 000050
17 19:40, 040101 =>  230401,   7, 000872
17 19:42, 130101 =>  060401,   3, 000302
17 19:55, 150101 =>  021001,  19, 000894
17 20:05, 150101 =>  110201,  15, 000399
17 20:09, 150101 =>  150201,   6, 000116
17 20:19, 130101 =>  240301,  14, 000543
17 20:21, 130101 =>  010101,   3, 000956
17 20:31, 150101 =>  090401,  15, 000968
17 20:34, 150101 =>  090301,   4, 000676
17 20:38, 150101 =>  150601,   7, 000140
17 20:41, 150101 =>  150801,   4, 000363
17 20:49, 130101 =>  060701,  11, 000045
17 20:52, 130101 =>  160301,   5, 000591
17 20:58, 130101 =>  220101,   9, 000676
17 21:01, 150101 =>  100401,   4, 000659
17 21:04, 040101 =>  230101,   4, 000951
17 21:08, 130101 =>  200501,   7, 000822
17 21:11, 150101 =>  151001,   4, 000013
17 21:17, 040101 =>  040601,   9, 000337
17 21:19, 150101 =>  110301,   3, 000153
18 00:19, 150101 =>  101101,  29, 000815
18 01:01, 040101 =>  081001,  61, 000698
18 01:22, 040101 =>  211301,  30, 000567
18 01:27, 150101 =>  100101,   8, 000496
18 01:33, 150101 =>  100801,   9, 000820
18 01:52, 150101 =>  100701,  28, 000831
18 02:07, 150101 =>  021301,  21, 000128
18 03:03, 150101 =>  101101,  82, 000068
18 03:09, 130101 =>  160101,   9, 000278
18 03:42, 040101 =>  050101,  49, 000785
18 04:13, 130101 =>  130501,  45, 000846
18 04:43, 150101 =>  021801,  44, 000308
18 05:02, 040101 =>  080901,  28, 000629
18 05:13, 130101 =>  240301,  16, 000075
18 06:03, 150101 =>  021301,  73, 000770
18 06:10, 130101 =>  220101,  10, 000101
18 06:18, 040101 =>  081201,  12, 000197
18 06:54, 150101 =>  090701,  52, 000308
18 07:38, 150101 =>  120501,  65, 000615
18 07:48, 040101 =>  230301,  14, 000549
18 08:48, 040101 =>  081001,  88, 000672
18 09:18, 040101 =>  040701,  44, 000931
18 09:36, 130101 =>  140201,  27, 000074
18 10:11, 040101 =>  081301,  51, 000095
18 10:32, 150101 =>  101101,  31, 000755
18 11:21, 130101 =>  010601,  71, 000849
18 11:33, 150101 =>  090501,  18, 000542
18 11:59, 150101 =>  070101,  38, 000848
18 12:03, 040101 =>  030501,   6, 000066
18 12:06, 040101 =>  250301,   4, 000888
18 12:19, 130101 =>  060601,  19, 000699
18 12:27, 150101 =>  150401,  12, 000731
18 12:32, 040101 =>  050101,   7, 000414
18 13:01, 040101 =>  051101,  43, 000760
18 13:22, 040101 =>  050401,  30, 000522
18 13:27, 150101 =>  150901,   8, 000267
18 13:44, 040101 =>  040301,  25, 000131
18 13:49, 040101 =>  040601,   7, 000410
18 14:34, 150101 =>  022001,  66, 000325
18 14:36, 040101 =>  051101,   3, 000714
18 14:42, 130101 =>  060801,   9, 000094
18 15:19, 130101 =>  200801,  54, 000142
18 15:40, 150101 =>  120201,  30, 000189
18 15:49, 040101 =>  040401,  13, 000155
18 15:55, 040101 =>  210301,   9, 000614
18 17:02, 150101 =>  150401,  98, 000937
18 17:30, 150101 =>  021301,  41, 000664
18 17:38, 040101 =>  080301,  12, 000739
18 18:07, 150101 =>  190201,  43, 000731
18 18:16, 040101 =>  180301,  12, 000463
18 18:22, 040101 =>  080701,   9, 000964
18 18:24, 040101 =>  210501,   4, 000792
18 18:55, 150101 =>  110101,  44, 000195
18 19:05, 150101 =>  090401,  16, 000068
18 19:23, 150101 =>  110401,  25, 000607
18 19:26, 150101 =>  090501,   5, 000011
18 19:42, 150101 =>  120501,  23, 000977
18 19:53, 150101 =>  020801,  16, 000263
18 19:55, 150101 =>  190101,   4, 000170
18 20:01, 130101 =>  010101,   8, 000061
18 20:04, 040101 =>  211001,   4, 000031
18 20:10, 150101 =>  120201,  10, 000998
18 20:30, 130101 =>  160301,  28, 000599
18 20:32, 150101 =>  150401,   4, 000972
18 20:36, 150101 =>  021201,   5, 000216
18 20:38, 150101 =>  120601,   4, 000231
18 20:40, 150101 =>  020601,   3, 000715
18 20:42, 040101 =>  080501,   3, 000268
18 20:46, 040101 =>  081301,   5, 000149
18 20:48, 150101 =>  021901,   3, 000022
18 21:07, 130101 =>  060301,  28, 000853
18 21:08, 150101 =>  150801,   2, 000950
18 21:21, 130101 =>  160801,  18, 000253
18 21:23, 040101 =>  080501,   3, 000348
18 21:30, 130101 =>  130301,  10, 000583
19 00:59, 150101 =>  120101,  89, 000565
19 01:36, 130101 =>  061101,  56, 000245
19 02:30, 150101 =>  090201,  81, 000785
19 03:00, 150101 =>  101101,  44, 000629
19 03:26, 150101 =>  101101,  40, 000343
19 03:35, 150101 =>  090101,  13, 000827
19 03:47, 150101 =>  110201,  18, 000991
19 04:52, 150101 =>  020601,  97, 000561
19 05:51, 130101 =>  010701,  89, 000627
19 06:43, 150101 =>  021301,  78, 000377
19 07:18, 040101 =>  211201,  52, 000533
19 07:30, 040101 =>  250301,  18, 000711
19 07:50, 040101 =>  050201,  30, 000176
19 08:16, 130101 =>  200401,  39, 000824
19 08:20, 150101 =>  100301,   7, 000913
19 08:59, 150101 =>  190301,  58, 000356
19 09:06, 150101 =>  120201,  10, 000943
19 09:20, 130101 =>  061101,  22, 000287
19 09:25, 130101 =>  130601,   7, 000284
19 09:46, 130101 =>  060201,  31, 000725
19 10:01, 130101 =>  220101,  23, 000764
19 10:31, 150101 =>  090401,  45, 000431
19 11:06, 040101 =>  210701,  53, 000285
19 11:18, 040101 =>  080601,  18, 000874
19 11:28, 040101 =>  030101,  14, 000665
19 11:30, 150101 =>  110401,   3, 000588
19 11:34, 040101 =>  040801,   6, 000312
19 11:54, 130101 =>  240201,  31, 000879
19 11:58, 150101 =>  150501,   6, 000131
19 13:02, 150101 =>  100501,  95, 000402
19 14:00, 040101 =>  050401,  88, 000852
19 14:32, 150101 =>  101101,  47, 000070
19 14:51, 130101 =>  130501,  29, 000634
19 15:33, 150101 =>  100601,  63, 000953
19 15:50, 150101 =>  020301,  25, 000971
19 16:08, 150101 =>  020501,  28, 000041
19 16:13, 130101 =>  130501,   7, 000403
19 16:24, 130101 =>  010401,  16, 000654
19 16:46, 150101 =>  150601,  33, 000739
19 16:49, 130101 =>  131001,   5, 000848
19 17:04, 150101 =>  150701,  23, 000793
19 17:12, 150101 =>  021901,  12, 000243
19 17:16, 150101 =>  020701,   5, 000947
19 17:22, 150101 =>  190101,  10, 000606
19 18:17, 040101 =>  030201,  82, 000369
19 18:24, 150101 =>  120701,  10, 000610
19 18:47, 040101 =>  080701,  35, 000916
19 18:53, 150101 =>  150901,   9, 000698
19 18:58, 150101 =>  090401,   7, 000931
19 19:00, 150101 =>  021901,   4, 000197
19 19:04, 150101 =>  100401,   6, 000072
19 19:07, 130101 =>  200301,   4, 000180
19 19:09, 150101 =>  100601,   3, 000649
19 19:14, 130101 =>  220901,   7, 000099
19 19:34, 040101 =>  081001,  30, 000540
19 19:47, 040101 =>  170101,  20, 000992
20 00:35, 150101 =>  021601,  53, 000921
20 00:52, 040101 =>  040601,  25, 000785
20 01:02, 150101 =>  100601,  15, 000044
20 02:06, 150101 =>  120601,  97, 000327
20 02:22, 150101 =>  110201,  23, 000228
20 03:08, 130101 =>  160301,  69, 000392
20 03:20, 040101 =>  180301,  18, 000154
20 03:54, 040101 =>  081101,  52, 000099
20 04:24, 150101 =>  120301,  45, 000288
20 05:11, 150101 =>  100201,  70, 000624
20 05:21, 040101 =>  180201,  15, 000490
20 05:34, 040101 =>  050701,  19, 000652
20 05:39, 130101 =>  130301,   8, 000275
20 05:56, 040101 =>  050401,  25, 000842
20 06:06, 040101 =>  080101,  16, 000899
20 06:16, 150101 =>  020401,  14, 000142
20 06:56, 150101 =>  110201,  60, 000648
20 07:15, 150101 =>  190201,  29, 000509
20 07:47, 040101 =>  050601,  48, 000914
20 08:29, 040101 =>  210901,  63, 000199
20 09:04, 130101 =>  010301,  53, 000930
20 09:06, 040101 =>  050701,   3, 000501
20 09:12, 130101 =>  010201,   9, 000127
20 09:15, 130101 =>  160201,   4, 000315
20 09:40, 040101 =>  050401,  38, 000469
20 10:28, 150101 =>  150601,  71, 000654
20 10:43, 040101 =>  081001,  23, 000170
20 10:44, 150101 =>  090201,   1, 000674
20 11:13, 130101 =>  130601,  44, 000045
20 11:34, 150101 =>  021001,  32, 000047
20 11:56, 150101 =>  150301,  33, 000778
20 12:36, 150101 =>  110101,  60, 000354
20 13:34, 150101 =>  100801,  86, 000360
20 13:40, 040101 =>  250201,   9, 000476
20 13:49, 040101 =>  080401,  14, 000777
20 13:58, 150101 =>  151001,  14, 000802
20 14:23, 150101 =>  021901,  37, 000024
20 15:00, 150101 =>  022001,  56, 000859
20 15:17, 150101 =>  100101,  25, 000658
20 15:38, 040101 =>  080501,  31, 000933
20 15:54, 040101 =>  230101,  25, 000529
20 16:15, 150101 =>  020301,  31, 000489
20 16:45, 040101 =>  040301,  45, 000267
20 17:08, 150101 =>  120701,  34, 000658
20 17:18, 150101 =>  100701,  16, 000689
20 17:32, 040101 =>  250101,  20, 000324
20 17:40, 040101 =>  170301,  12, 000183
20 18:00, 130101 =>  131101,  30, 000068
20 18:02, 130101 =>  061301,   4, 000005
20 18:14, 150101 =>  100701,  18, 000808
20 18:19, 150101 =>  070101,   7, 000600
20 18:24, 150101 =>  021501,   7, 000265
20 18:32, 150101 =>  020901,  12, 000472
20 18:41, 040101 =>  050601,  14, 000426
20 18:46, 150101 =>  120301,   7, 000884
20 19:20, 130101 =>  060701,  52, 000345
20 19:35, 040101 =>  051001,  22, 000932
20 19:40, 040101 =>  210601,   8, 000154
20 19:46, 150101 =>  120701,   8, 000665
20 19:52, 040101 =>  080601,   9, 000752
20 19:54, 150101 =>  120701,   4, 000498
20 19:57, 150101 =>  020201,   4, 000124
20 19:59, 040101 =>  250301,   3, 000468
20 20:13, 130101 =>  060901,  21, 000842
20 20:16, 150101 =>  150801,   4, 000325
20 20:20, 040101 =>  230301,   6, 000216
20 20:24, 040101 =>  080901,   7, 000868
20 20:45, 130101 =>  010301,  31, 000822
20 20:49, 040101 =>  050101,   6, 000077
20 20:53, 130101 =>  200301,   6, 000840
20 20:55, 150101 =>  020501,   3, 000328
20 21:01, 130101 =>  200201,   9, 000831
21 00:04, 150101 =>  150401,   6, 000407
21 00:42, 040101 =>  081301,  58, 000111
21 01:00, 040101 =>  211001,  27, 000368
21 01:04, 130101 =>  131201,   5, 000370
21 01:16, 130101 =>  010601,  18, 000190
21 01:31, 040101 =>  210301,  23, 000768
21 02:04, 040101 =>  080301,  50, 000151
21 02:58, 150101 =>  020501,  81, 000428
21 03:48, 130101 =>  160701,  74, 000157
21 04:05, 130101 =>  220401,  26, 000894
21 04:24, 150101 =>  021601,  29, 000271
21 05:07, 130101 =>  010201,  64, 000807
21 06:05, 150101 =>  100801,  87, 000658
21 06:17, 130101 =>  060401,  18, 000601
21 06:44, 130101 =>  061301,  41, 000170
21 07:04, 040101 =>  050501,  29, 000126
21 07:08, 130101 =>  061001,   6, 000695
21 07:20, 150101 =>  110201,  19, 000311
21 07:48, 130101 =>  140301,  41, 000643
21 07:54, 150101 =>  100901,  10, 000361
21 07:59, 150101 =>  020601,   7, 000553
21 08:01, 130101 =>  010601,   3, 000170
21 08:08, 130101 =>  130601,  11, 000701
21 09:00, 040101 =>  050301,  78, 000875
21 09:19, 150101 =>  022001,  28, 000186
21 09:30, 130101 =>  160101,  16, 000326
21 10:06, 150101 =>  090101,  55, 000949
21 10:18, 130101 =>  220601,  17, 000571
21 11:04, 150101 =>  100801,  69, 000205
21 11:41, 040101 =>  051001,  56, 000048
21 12:08, 040101 =>  250301,  40, 000283
21 12:32, 040101 =>  080201,  36, 000657
21 13:36, 150101 =>  020401,  97, 000155
21 14:05, 040101 =>  211301,  43, 000883
21 14:15, 130101 =>  131101,  15, 000951
21 14:18, 130101 =>  220301,   4, 000605
21 14:40, 150101 =>  190101,  34, 000194
21 15:06, 150101 =>  110501,  38, 000300
21 15:10, 150101 =>  021301,   6, 000487
21 15:12, 040101 =>  080101,   4, 000841
21 16:02, 150101 =>  021701,  74, 000448
21 16:06, 040101 =>  081001,   7, 000009
21 16:08, 130101 =>  130901,   3, 000378
21 16:14, 130101 =>  130901,   9, 000960
21 16:20, 130101 =>  220101,   8, 000822
21 16:46, 040101 =>  030401,  40, 000876
21 17:15, 150101 =>  100801,  43, 000489
21 17:17, 130101 =>  131101,   3, 000467
21 17:21, 040101 =>  210201,   6, 000591
21 17:38, 040101 =>  210101,  26, 000670
21 18:18, 150101 =>  120301,  60, 000119
21 18:47, 150101 =>  190101,  43, 000299
21 18:57, 150101 =>  020801,  15, 000189
21 19:15, 150101 =>  120201,  27, 000213
21 19:18, 130101 =>  010501,   4, 000563
21 19:48, 150101 =>  090501,  45, 000995
21 19:51, 150101 =>  150301,   5, 000295
21 19:58, 150101 =>  110301,  10, 000396
21 20:16, 150101 =>  090601,  27, 000143
21 20:28, 150101 =>  021301,  19, 000983
21 20:34, 040101 =>  080401,   8, 000323
21 20:43, 040101 =>  051101,  14, 000438
21 20:49, 040101 =>  051101,   9, 000224
21 20:52, 150101 =>  020801,   4, 000687
21 20:54, 040101 =>  210301,   4, 000886
21 20:57, 150101 =>  110501,   4, 000540
21 21:04, 150101 =>  150901,  11, 000707
21 21:10, 150101 =>  090201,   9, 000717
21 21:14, 040101 =>  230401,   5, 000828
21 21:16, 130101 =>  130301,   3, 000832
21 21:20, 150101 =>  021601,   7, 000994
21 21:23, 040101 =>  170101,   4, 000213
21 21:26, 150101 =>  110501,   4, 000134
21 21:26, 150101 =>  150901,   1, 000210
22 01:04, 040101 =>  210901,  97, 000466
22 01:07, 040101 =>  080301,   4, 000133
22 01:36, 150101 =>  150201,  43, 000384
22 01:44, 040101 =>  080501,  12, 000622
22 01:58, 150101 =>  020601,  22, 000853
22 02:29, 150101 =>  100601,  46, 000883
22 03:17, 040101 =>  080301,  72, 000262
22 03:27, 150101 =>  190201,  15, 000924
22 03:36, 130101 =>  061101,  14, 000309
22 04:06, 150101 =>  021201,  44, 000613
22 04:18, 150101 =>  100901,  19, 000331
22 05:12, 150101 =>  190101,  81, 000506
22 06:14, 150101 =>  021001,  92, 000502
22 07:02, 150101 =>  151001,  73, 000948
22 07:27, 150101 =>  150901,  37, 000603
22 07:36, 150101 =>  120301,  14, 000909
22 08:17, 150101 =>  110501,  61, 000246
22 08:19, 150101 =>  150401,   3, 000955
22 09:04, 040101 =>  050201,  68, 000928
22 09:18, 150101 =>  021501,  21, 000734
22 09:50, 040101 =>  080401,  47, 000745
22 10:22, 040101 =>  050401,  48, 000658
22 11:20, 150101 =>  100101,  88, 000269
22 11:48, 040101 =>  230201,  41, 000765
22 12:43, 150101 =>  100301,  83, 000060
22 12:46, 040101 =>  211201,   4, 000084
22 13:48, 130101 =>  010401,  94, 000045
22 14:25, 040101 =>  050801,  55, 000352
22 14:58, 150101 =>  020601,  50, 000621
22 15:25, 150101 =>  150801,  40, 000744
22 15:48, 130101 =>  010301,  35, 000536
22 16:03, 040101 =>  210301,  22, 000932
22 16:23, 040101 =>  210201,  30, 000833
22 16:28, 040101 =>  080801,   7, 000727
22 16:44, 150101 =>  120901,  24, 000636
22 17:26, 130101 =>  010401,  64, 000494
22 17:53, 150101 =>  020301,  40, 000247
22 18:08, 150101 =>  021701,  23, 000698
22 18:43, 130101 =>  220401,  52, 000397
22 18:52, 150101 =>  110301,  13, 000858
22 19:00, 150101 =>  020601,  12, 000929
22 19:04, 130101 =>  200801,   6, 000194
22 19:14, 150101 =>  021801,  15, 000249
22 19:23, 040101 =>  051001,  14, 000955
22 19:30, 150101 =>  150401,  10, 000948
22 19:36, 040101 =>  250101,   9, 000169
22 19:43, 040101 =>  050901,  11, 000421
22 19:47, 150101 =>  100201,   6, 000905
22 19:50, 150101 =>  021101,   4, 000876
22 19:52, 150101 =>  151001,   4, 000854
22 20:12, 130101 =>  140201,  29, 000838
22 20:23, 040101 =>  050801,  17, 000731
22 20:42, 130101 =>  060701,  28, 000450
22 20:51, 130101 =>  060601,  14, 000022
23 00:41, 130101 =>  200601,  62, 000194
23 01:20, 150101 =>  020901,  59, 000417
23 01:36, 150101 =>  020401,  24, 000119
23 01:52, 040101 =>  040301,  24, 000540
23 02:33, 150101 =>  020401,  61, 000890
23 02:55, 150101 =>  020901,  33, 000499
23 03:04, 130101 =>  221001,  13, 000399
23 04:00, 150101 =>  190301,  84, 000282
23 04:20, 150101 =>  021301,  30, 000490
23 05:00, 150101 =>  150801,  61, 000050
23 05:52, 130101 =>  200601,  78, 000715
23 06:00, 040101 =>  210901,  12, 000105
23 06:22, 130101 =>  200801,  32, 000704
23 06:39, 130101 =>  160201,  26, 000461
23 07:12, 150101 =>  100901,  49, 000842
23 07:54, 040101 =>  051001,  63, 000259
23 08:10, 040101 =>  030701,  25, 000877
23 08:11, 040101 =>  170101,   1, 000011
23 08:20, 040101 =>  250301,  14, 000080
23 08:30, 130101 =>  131001,  15, 000247
23 08:35, 040101 =>  210701,   7, 000443
23 09:04, 130101 =>  130401,  44, 000645
23 09:28, 130101 =>  240101,  36, 000686
23 09:40, 040101 =>  051001,  18, 000600
23 10:12, 040101 =>  211001,  47, 000593
23 10:26, 150101 =>  110101,  22, 000895
23 10:58, 150101 =>  110301,  48, 000002
23 11:19, 150101 =>  021701,  31, 000253
23 12:07, 040101 =>  030201,  72, 000048
23 12:21, 150101 =>  120901,  21, 000304
23 13:00, 150101 =>  150601,  59, 000708
23 13:54, 150101 =>  120301,  80, 000189
23 14:39, 040101 =>  040401,  68, 000007
23 15:02, 040101 =>  080901,  34, 000012
23 15:49, 150101 =>  150801,  71, 000802
23 16:32, 150101 =>  090101,  64, 000384
23 16:51, 040101 =>  050701,  29, 000561
23 16:54, 150101 =>  150401,   4, 000912
23 16:56, 130101 =>  130401,   3, 000242
23 16:59, 130101 =>  130501,   5, 000544
23 17:25, 150101 =>  090701,  39, 000571
23 17:46, 150101 =>  090601,  31, 000839
23 17:52, 150101 =>  100501,   9, 000461
23 17:58, 150101 =>  110101,  10, 000340
23 18:15, 150101 =>  120601,  25, 000366
23 18:20, 150101 =>  020401,   8, 000304
23 18:36, 130101 =>  131101,  23, 000259
23 18:40, 150101 =>  100701,   7, 000230
23 18:58, 040101 =>  050101,  27, 000962
23 19:09, 130101 =>  200701,  16, 000377
23 19:16, 150101 =>  190201,  11, 000286
23 19:22, 150101 =>  090401,   8, 000567
23 19:42, 040101 =>  230401,  31, 000626
23 19:48, 150101 =>  020101,   9, 000853
23 19:58, 130101 =>  220401,  14, 000926
23 20:02, 130101 =>  140101,   7, 000330
23 20:07, 130101 =>  131101,   7, 000561
23 20:10, 130101 =>  200101,   5, 000226
23 20:13, 130101 =>  200801,   4, 000913
23 20:14, 130101 =>  220101,   2, 000430
23 20:29, 040101 =>  210201,  22, 000448
24 00:27, 150101 =>  101001,  41, 000540
24 00:35, 130101 =>  060701,  12, 000555
24 00:40, 130101 =>  200701,   7, 000880
24 01:17, 040101 =>  211101,  56, 000420
24 01:24, 150101 =>  110101,  11, 000088
24 02:18, 150101 =>  120101,  80, 000121
24 02:26, 150101 =>  020501,  13, 000018
24 02:58, 150101 =>  150501,  48, 000099
24 03:03, 040101 =>  230301,   7, 000796
24 03:12, 040101 =>  050501,  13, 000771
24 03:25, 040101 =>  210301,  20, 000895
24 03:30, 150101 =>  110501,   7, 000896
24 04:16, 150101 =>  020701,  70, 000494
24 04:28, 150101 =>  090601,  17, 000344
24 04:43, 040101 =>  030401,  23, 000578
24 05:02, 150101 =>  090201,  29, 000797
24 05:45, 150101 =>  021501,  64, 000501
24 06:31, 040101 =>  080601,  69, 000403
24 07:20, 150101 =>  021601,  74, 000563
24 08:22, 130101 =>  200101,  93, 000721
24 09:03, 150101 =>  150901,  61, 000464
24 09:26, 130101 =>  220601,  35, 000311
24 09:39, 150101 =>  090301,  19, 000414
24 10:17, 040101 =>  080801,  57, 000143
24 10:57, 130101 =>  240301,  60, 000161
24 11:38, 040101 =>  050901,  61, 000541
24 12:33, 150101 =>  190301,  83, 000310
24 13:10, 150101 =>  020901,  55, 000291
24 13:17, 040101 =>  180101,  11, 000736
24 13:24, 130101 =>  220301,  11, 000321
24 14:12, 150101 =>  090401,  72, 000927
24 14:43, 150101 =>  020301,  46, 000185
24 15:00, 150101 =>  150601,  25, 000646
24 15:32, 150101 =>  021401,  49, 000978
24 15:49, 150101 =>  150501,  25, 000857
24 16:00, 130101 =>  130201,  16, 000584
24 16:54, 040101 =>  050401,  82, 000109
24 16:57, 150101 =>  101001,   4, 000091
24 17:10, 150101 =>  021901,  19, 000554
24 17:18, 130101 =>  131201,  13, 000769
24 17:24, 150101 =>  021001,   8, 000872
24 17:58, 040101 =>  180201,  52, 000854
24 18:24, 130101 =>  240301,  38, 000170
24 18:35, 150101 =>  021201,  17, 000061
24 18:44, 150101 =>  120101,  13, 000713
24 19:00, 040101 =>  230401,  24, 000024
24 19:08, 150101 =>  100801,  13, 000397
24 19:27, 040101 =>  210401,  28, 000323
24 19:33, 150101 =>  020701,   9, 000214
24 19:36, 150101 =>  090201,   4, 000708
24 19:44, 130101 =>  130601,  13, 000802
24 19:46, 150101 =>  021201,   3, 000515
24 19:57, 130101 =>  200201,  16, 000941
24 20:00, 150101 =>  021201,   4, 000368
24 20:16, 040101 =>  040801,  24, 000368
24 20:18, 150101 =>  150301,   3, 000250
24 20:20, 150101 =>  190101,   3, 000359
24 20:22, 130101 =>  160101,   3, 000290
25 00:59, 040101 =>  210101,  92, 000756
25 01:31, 040101 =>  210901,  48, 000582
25 01:58, 040101 =>  180101,  43, 000013
25 02:28, 150101 =>  021001,  46, 000632
25 03:13, 150101 =>  120601,  68, 000448
25 03:46, 150101 =>  090101,  52, 000577
25 04:50, 040101 =>  040801,  98, 000706
25 05:12, 040101 =>  030101,  34, 000807
25 05:54, 150101 =>  021801,  65, 000387
25 06:00, 040101 =>  170201,   9, 000528
25 06:35, 040101 =>  180301,  53, 000925
25 07:15, 130101 =>  060801,  62, 000878
25 07:48, 150101 =>  021101,  51, 000426
25 08:39, 150101 =>  090401,  78, 000699
25 08:41, 130101 =>  060301,   4, 000248
25 09:00, 040101 =>  040601,  28, 000860
25 09:13, 150101 =>  120301,  20, 000196
25 09:46, 150101 =>  190101,  51, 000122
25 09:50, 040101 =>  081201,   6, 000122
25 10:15, 040101 =>  210101,  39, 000647
25 10:50, 130101 =>  200101,  54, 000946
25 11:25, 130101 =>  221001,  53, 000098
25 11:58, 130101 =>  060901,  52, 000677
25 12:06, 150101 =>  020801,  12, 000064
25 12:14, 130101 =>  200301,  12, 000173
25 12:37, 150101 =>  020701,  36, 000617
25 12:41, 130101 =>  010501,   5, 000424
25 12:53, 150101 =>  120701,  19, 000338
25 13:11, 150101 =>  090701,  27, 000316
25 13:17, 040101 =>  250101,  10, 000964
25 13:44, 130101 =>  130901,  41, 000842
25 14:06, 130101 =>  010101,  34, 000204
25 14:34, 040101 =>  170101,  43, 000933
25 15:38, 150101 =>  110401,  99, 000384
25 15:41, 130101 =>  220201,   4, 000954
25 15:54, 130101 =>  131101,  21, 000951
25 16:20, 150101 =>  020901,  40, 000982
25 16:28, 130101 =>  200601,  11, 000319
25 16:29, 150101 =>  020801,   2, 000218
25 16:34, 150101 =>  150201,   8, 000865
25 16:41, 130101 =>  220701,  11, 000965
25 17:22, 150101 =>  120501,  63, 000820
25 17:36, 040101 =>  040201,  22, 000145
25 18:06, 150101 =>  100801,  45, 000224
25 18:15, 150101 =>  150201,  14, 000272
25 18:23, 040101 =>  210901,  13, 000532
25 18:26, 040101 =>  080701,   4, 000565
25 18:31, 130101 =>  061001,   8, 000028
25 18:35, 130101 =>  160801,   6, 000412
25 19:13, 150101 =>  150801,  58, 000287
25 19:30, 150101 =>  101001,  26, 000380
25 19:33, 040101 =>  040401,   5, 000897
25 19:39, 150101 =>  020201,   9, 000685
25 19:44, 130101 =>  131001,   8, 000506
25 19:55, 040101 =>  170201,  17, 000764
25 19:57, 130101 =>  060801,   4, 000010
25 20:18, 150101 =>  090501,  32, 000017
25 20:27, 040101 =>  050901,  13, 000679
25 20:36, 150101 =>  110501,  15, 000468
25 20:43, 150101 =>  021701,  10, 000790
25 20:48, 150101 =>  021301,   7, 000277
25 20:49, 130101 =>  221001,   3, 000739
25 20:54, 040101 =>  210501,   7, 000600
25 20:57, 040101 =>  040701,   5, 000333
25 21:05, 150101 =>  110501,  12, 000658
25 21:07, 130101 =>  140301,   3, 000865
25 21:15, 150101 =>  020901,  12, 000374
25 21:18, 150101 =>  020101,   5, 000816
25 21:23, 150101 =>  100601,   7, 000801
25 21:26, 150101 =>  090301,   5, 000435
25 21:28, 150101 =>  120601,   4, 000842
25 21:30, 040101 =>  040501,   3, 000116
25 21:32, 130101 =>  131201,   2, 000068
26 00:53, 150101 =>  020101,  82, 000729
26 01:32, 040101 =>  040701,  61, 000711
26 01:49, 040101 =>  211301,  25, 000855
26 02:24, 040101 =>  080301,  55, 000971
26 02:41, 150101 =>  021501,  25, 000936
26 02:55, 130101 =>  131201,  22, 000094
26 03:13, 130101 =>  010701,  28, 000547
26 03:15, 150101 =>  120101,   3, 000634
26 04:09, 040101 =>  030401,  83, 000798
26 05:08, 130101 =>  220801,  91, 000102
26 05:44, 040101 =>  040701,  55, 000029
26 05:55, 150101 =>  150501,  17, 000228
26 06:48, 150101 =>  070101,  82, 000532
26 06:54, 130101 =>  140101,   8, 000989
26 07:25, 130101 =>  130301,  48, 000642
26 07:42, 150101 =>  100101,  26, 000403
26 07:48, 150101 =>  150301,   9, 000286
26 07:59, 150101 =>  100401,  18, 000742
26 08:43, 150101 =>  120401,  67, 000332
26 09:46, 150101 =>  090401,  98, 000083
26 10:32, 040101 =>  180201,  70, 000630
26 11:07, 130101 =>  160801,  54, 000989
26 11:42, 150101 =>  090501,  53, 000731
26 12:00, 150101 =>  021101,  29, 000495
26 12:21, 130101 =>  220901,  31, 000287
26 12:54, 150101 =>  110201,  52, 000870
26 13:06, 150101 =>  021701,  18, 000493
26 13:37, 150101 =>  110301,  48, 000032
26 14:01, 150101 =>  110501,  37, 000597
26 14:12, 040101 =>  081001,  17, 000013
26 14:41, 040101 =>  050401,  44, 000242
26 14:50, 040101 =>  040401,  14, 000373
26 15:41, 150101 =>  110401,  79, 000745
26 15:50, 040101 =>  030101,  13, 000191
26 15:58, 150101 =>  110401,  12, 000710
26 16:26, 040101 =>  211201,  44, 000410
26 16:53, 150101 =>  150401,  41, 000768
26 16:59, 130101 =>  220601,  10, 000714
26 17:34, 150101 =>  100201,  54, 000556
26 17:40, 150101 =>  021101,   9, 000790
26 17:59, 130101 =>  220401,  28, 000302
26 18:01, 040101 =>  030501,   4, 000794
26 18:26, 150101 =>  021801,  38, 000217
26 18:45, 040101 =>  080801,  30, 000921
26 19:00, 150101 =>  100901,  22, 000114
26 19:04, 040101 =>  210601,   7, 000943
26 19:07, 040101 =>  080101,   5, 000116
26 19:22, 040101 =>  050501,  22, 000723
26 19:35, 150101 =>  021901,  20, 000938
26 19:41, 130101 =>  060601,  10, 000742
26 19:52, 150101 =>  110101,  16, 000943
26 20:02, 150101 =>  022001,  16, 000441
26 20:09, 150101 =>  101001,  10, 000394
26 20:18, 040101 =>  081001,  14, 000660
26 20:22, 150101 =>  110101,   6, 000324
26 20:25, 150101 =>  150501,   6, 000535
26 20:28, 150101 =>  150301,   4, 000541
26 20:31, 150101 =>  151001,   5, 000878
26 20:33, 150101 =>  150201,   2, 000390
26 20:40, 130101 =>  220701,  11, 000135
27 00:12, 150101 =>  070101,  19, 000142
27 00:55, 130101 =>  060301,  66, 000085
27 01:38, 040101 =>  051001,  67, 000372
27 02:08, 150101 =>  020601,  46, 000265
27 02:38, 150101 =>  100301,  46, 000328
27 03:42, 150101 =>  070101,  99, 000449
27 04:03, 040101 =>  210801,  31, 000379
27 04:27, 040101 =>  030601,  37, 000941
27 05:21, 040101 =>  210901,  84, 000976
27 05:32, 150101 =>  120501,  16, 000970
27 05:54, 130101 =>  060401,  35, 000362
27 06:39, 040101 =>  051001,  68, 000583
27 07:10, 040101 =>  050401,  49, 000611
27 07:20, 130101 =>  060401,  15, 000792
27 07:42, 150101 =>  110201,  33, 000374
27 08:17, 040101 =>  050601,  54, 000453
27 08:40, 040101 =>  050501,  35, 000602
27 08:45, 040101 =>  040601,   8, 000158
27 09:15, 150101 =>  120101,  47, 000824
27 09:52, 130101 =>  061201,  56, 000211
27 10:13, 040101 =>  040701,  33, 000025
27 10:35, 040101 =>  180101,  33, 000222
27 10:42, 040101 =>  030601,  11, 000099
27 10:42, 150101 =>  101001,   1, 000959
27 10:53, 040101 =>  030301,  16, 000524
27 11:03, 040101 =>  080201,  16, 000798
27 11:17, 150101 =>  120901,  21, 000493
27 11:21, 040101 =>  080101,   7, 000484
27 11:32, 150101 =>  100701,  16, 000123
27 11:36, 150101 =>  090601,   6, 000223
27 11:40, 040101 =>  211101,   6, 000466
27 11:47, 040101 =>  050501,  11, 000731
27 11:53, 040101 =>  080801,   9, 000271
27 12:14, 150101 =>  110101,  33, 000178
27 12:17, 150101 =>  021301,   5, 000194
27 12:50, 150101 =>  021101,  50, 000479
27 13:00, 150101 =>  020101,  15, 000187
27 13:53, 150101 =>  110501,  82, 000434
27 14:09, 130101 =>  061301,  25, 000806
27 14:21, 150101 =>  150501,  19, 000067
27 14:36, 130101 =>  220901,  22, 000180
27 15:41, 150101 =>  101101, 100, 000574
27 15:43, 040101 =>  211201,   3, 000974
27 15:49, 040101 =>  040401,   9, 000598
27 16:18, 150101 =>  090501,  45, 000408
27 16:45, 130101 =>  060501,  42, 000014
27 16:48, 040101 =>  040401,   4, 000987
27 16:54, 150101 =>  100101,  10, 000614
27 17:50, 150101 =>  120601,  86, 000532
27 18:04, 150101 =>  100301,  22, 000392
27 18:08, 040101 =>  050401,   6, 000113
27 18:43, 150101 =>  090701,  53, 000071
27 19:05, 150101 =>  150201,  35, 000603
27 19:26, 150101 =>  021001,  31, 000783
27 19:28, 040101 =>  211201,   3, 000257
27 19:30, 040101 =>  030301,   3, 000172
27 19:36, 150101 =>  110201,  10, 000202
28 00:39, 150101 =>  020801,  61, 000443
28 00:42, 150101 =>  020301,   5, 000852
28 01:18, 040101 =>  081001,  55, 000158
28 01:38, 150101 =>  020101,  30, 000227
28 02:09, 040101 =>  050201,  48, 000457
28 02:39, 130101 =>  240301,  47, 000883
28 03:26, 130101 =>  220801,  71, 000648
28 03:55, 150101 =>  120201,  46, 000448
28 04:03, 150101 =>  110501,  11, 000442
28 04:29, 130101 =>  060601,  40, 000443
28 05:09, 150101 =>  150401,  62, 000553
28 05:15, 130101 =>  140101,   9, 000227
28 05:34, 150101 =>  022001,  30, 000580
28 06:37, 040101 =>  030401,  97, 000672
28 07:10, 150101 =>  090601,  50, 000388
28 07:53, 130101 =>  061001,  66, 000206
28 07:58, 040101 =>  250101,   8, 000969
28 08:56, 040101 =>  180101,  89, 000217
28 09:20, 150101 =>  090501,  37, 000326
28 09:28, 130101 =>  060701,  13, 000073
28 10:11, 150101 =>  021801,  66, 000734
28 11:01, 150101 =>  100201,  77, 000663
28 11:09, 150101 =>  100201,  12, 000307
28 11:36, 150101 =>  100301,  41, 000348
28 12:32, 150101 =>  100201,  86, 000053
28 13:03, 130101 =>  130801,  48, 000159
28 13:24, 130101 =>  060601,  32, 000583
28 13:28, 150101 =>  020901,   7, 000908
28 14:08, 150101 =>  100301,  62, 000175
28 14:49, 150101 =>  150801,  62, 000087
28 15:09, 150101 =>  110201,  31, 000552
28 15:18, 150101 =>  020501,  14, 000364
28 15:41, 150101 =>  100101,  35, 000962
28 15:43, 130101 =>  130901,   3, 000597
28 16:13, 150101 =>  110201,  46, 000227
28 16:36, 150101 =>  120901,  36, 000974
28 16:52, 150101 =>  100601,  25, 000490
28 16:57, 130101 =>  240201,   7, 000274
28 17:07, 150101 =>  100201,  15, 000930
28 17:59, 040101 =>  050701,  81, 000261
28 18:10, 150101 =>  090701,  16, 000050
28 18:15, 150101 =>  110201,   9, 000791
28 18:21, 150101 =>  150501,   8, 000712
28 18:29, 130101 =>  130501,  13, 000050
28 18:33, 130101 =>  140201,   6, 000792
28 18:38, 150101 =>  020701,   7, 000859
28 18:45, 130101 =>  130601,  12, 000963
28 18:52, 150101 =>  090401,  10, 000690
28 18:57, 130101 =>  130701,   8, 000195
28 19:35, 040101 =>  170201,  59, 000640
28 19:41, 130101 =>  010601,   9, 000212
28 19:46, 150101 =>  020401,   7, 000287
28 19:48, 150101 =>  110301,   4, 000953
28 20:01, 040101 =>  081201,  20, 000823
28 20:03, 150101 =>  101001,   3, 000709
29 01:00, 040101 =>  210401,  96, 000948
29 01:48, 150101 =>  120801,  76, 000117
29 01:55, 130101 =>  130301,  11, 000324
29 02:14, 130101 =>  130501,  29, 000139
29 02:37, 150101 =>  021001,  36, 000718
29 02:41, 130101 =>  130501,   7, 000074
29 03:39, 150101 =>  100301,  92, 000098
29 03:59, 040101 =>  080901,  31, 000424
29 04:13, 040101 =>  051101,  22, 000411
29 04:31, 130101 =>  160401,  28, 000745
29 04:48, 150101 =>  020301,  28, 000138
29 05:45, 150101 =>  100801,  89, 000716
29 05:58, 130101 =>  160201,  21, 000622
29 06:30, 150101 =>  150901,  50, 000468
29 07:30, 040101 =>  040701,  95, 000540
29 07:54, 150101 =>  190301,  38, 000181
29 08:21, 150101 =>  020701,  43, 000868
29 08:31, 150101 =>  101101,  16, 000590
29 09:00, 150101 =>  100901,  45, 000185
29 09:12, 040101 =>  170101,  19, 000927
29 10:06, 150101 =>  021001,  86, 000189
29 10:39, 040101 =>  210501,  52, 000034
29 10:42, 040101 =>  081001,   4, 000124
29 11:32, 130101 =>  060401,  79, 000269
29 11:56, 130101 =>  200501,  39, 000279
29 12:58, 150101 =>  100901,  97, 000735
29 13:34, 040101 =>  081201,  57, 000478
29 13:56, 150101 =>  070101,  35, 000160
29 13:58, 130101 =>  010601,   3, 000580
29 14:51, 150101 =>  021301,  84, 000117
29 15:05, 150101 =>  110401,  22, 000071
29 15:27, 150101 =>  020101,  35, 000675
29 15:31, 130101 =>  160801,   6, 000069
29 15:41, 150101 =>  021901,  15, 000272
29 16:05, 130101 =>  160201,  39, 000157
29 16:25, 130101 =>  220301,  31, 000126
29 16:49, 150101 =>  090501,  38, 000016
29 17:07, 150101 =>  021601,  29, 000500
29 17:14, 150101 =>  110501,  10, 000279
29 17:21, 150101 =>  120401,  11, 000491
29 17:37, 130101 =>  160601,  26, 000484
29 17:52, 130101 =>  160801,  24, 000862
29 18:02, 150101 =>  101101,  15, 000418
29 18:05, 130101 =>  060101,   5, 000431
29 18:20, 040101 =>  050901,  24, 000697
29 18:24, 150101 =>  021501,   6, 000026
29 18:27, 130101 =>  061301,   4, 000952
29 18:30, 150101 =>  150301,   6, 000392
29 18:49, 040101 =>  050401,  30, 000360
29 18:54, 150101 =>  100801,   7, 000379
29 19:15, 040101 =>  030201,  33, 000507
29 19:28, 040101 =>  040801,  21, 000834
29 19:48, 040101 =>  230401,  31, 000880
29 19:56, 130101 =>  010201,  13, 000733
29 20:05, 130101 =>  160701,  15, 000389
29 20:19, 040101 =>  030101,  21, 000226
29 20:21, 150101 =>  120101,   3, 000842
29 20:22, 150101 =>  020501,   3, 000112
29 20:24, 130101 =>  130801,   3, 000335
29 20:26, 150101 =>  100101,   3, 000249
30 00:15, 150101 =>  021801,  25, 000835
30 00:17, 130101 =>  200101,   3, 000243
30 01:07, 150101 =>  120901,  78, 000938
30 01:35, 040101 =>  030501,  44, 000834
30 02:38, 150101 =>  100601, 100, 000626
30 03:04, 040101 =>  081301,  41, 000819
30 03:17, 040101 =>  050901,  21, 000825
30 03:35, 150101 =>  021801,  29, 000963
30 04:16, 040101 =>  211301,  64, 000919
30 04:23, 040101 =>  081001,  11, 000340
30 04:51, 150101 =>  100201,  45, 000635
30 05:39, 130101 =>  220901,  75, 000560
30 05:48, 150101 =>  110201,  14, 000252
30 05:49, 150101 =>  120501,   2, 000606
30 06:18, 130101 =>  240201,  45, 000823
30 06:44, 150101 =>  021801,  42, 000831
30 07:24, 150101 =>  020701,  63, 000443
30 07:36, 130101 =>  240101,  18, 000039
30 08:34, 150101 =>  020801,  92, 000523
30 09:23, 130101 =>  220201,  78, 000256
30 09:51, 130101 =>  010401,  44, 000423
30 10:09, 040101 =>  080201,  28, 000564
30 10:28, 150101 =>  100401,  30, 000270
30 10:43, 150101 =>  190301,  24, 000934
30 11:06, 040101 =>  030201,  36, 000630
30 11:08, 130101 =>  010101,   3, 000671
30 11:37, 150101 =>  020101,  47, 000306
30 12:36, 150101 =>  100501,  92, 000088
30 12:45, 130101 =>  130501,  15, 000293
30 13:45, 040101 =>  210401,  94, 000284
30 13:55, 130101 =>  240201,  16, 000296
30 14:20, 040101 =>  040601,  39, 000073
30 15:10, 150101 =>  020801,  80, 000298
30 15:27, 040101 =>  050601,  27, 000442
30 15:41, 130101 =>  131001,  22, 000424
30 16:05, 150101 =>  190201,  37, 000421
30 16:10, 150101 =>  090501,   9, 000251
30 16:19, 130101 =>  010401,  13, 000587
30 16:56, 150101 =>  021801,  59, 000626
30 17:00, 130101 =>  140201,   7, 000554
30 17:37, 040101 =>  051101,  58, 000571
30 18:08, 150101 =>  100501,  48, 000654
30 18:18, 150101 =>  020401,  16, 000488
30 18:32, 150101 =>  021701,  22, 000730
30 18:58, 040101 =>  211101,  42, 000513
30 19:12, 150101 =>  120801,  22, 000900
30 19:22, 150101 =>  090601,  16, 000049
30 19:31, 130101 =>  160201,  13, 000052
30 19:35, 150101 =>  120901,   7, 000772
30 19:53, 040101 =>  030101,  29, 000452
30 19:57, 150101 =>  100101,   6, 000775
30 20:06, 130101 =>  160501,  14, 000431
30 20:10, 150101 =>  021001,   7, 000990
30 20:14, 150101 =>  100401,   5, 000736
30 20:20, 130101 =>  140101,  10, 000179
30 20:23, 150101 =>  150901,   5, 000590
30 20:28, 130101 =>  060101,   8, 000945
30 20:33, 040101 =>  210801,   7, 000718
30 20:34, 150101 =>  120201,   2, 000711
30 20:40, 130101 =>  131201,   9, 000509
31 00:02, 130101 =>  060801,   4, 000841
31 00:32, 040101 =>  080901,  48, 000326
31 00:58, 150101 =>  021401,  41, 000058
31 01:00, 040101 =>  170201,   3, 000874
31 01:45, 150101 =>  020701,  71, 000471
31 02:09, 150101 =>  090401,  37, 000856
31 02:33, 150101 =>  021501,  39, 000512
31 02:58, 150101 =>  100401,  39, 000720
31 03:15, 130101 =>  010501,  26, 000247
31 03:40, 040101 =>  081301,  40, 000447
31 04:08, 040101 =>  210301,  45, 000313
31 04:53, 040101 =>  080501,  70, 000040
31 05:28, 040101 =>  050901,  56, 000079
31 06:03, 130101 =>  160401,  55, 000828
31 06:38, 150101 =>  120201,  55, 000237
31 06:41, 040101 =>  250401,   5, 000663
31 07:14, 130101 =>  010201,  52, 000469
31 08:14, 150101 =>  020501,  95, 000800
31 08:55, 130101 =>  160601,  64, 000857
31 09:26, 040101 =>  030201,  49, 000686
31 10:03, 130101 =>  240201,  59, 000013
31 10:42, 150101 =>  020701,  61, 000446
31 10:44, 040101 =>  080701,   3, 000549
31 11:28, 040101 =>  050601,  70, 000894
31 11:37, 040101 =>  050501,  14, 000389
31 11:46, 130101 =>  130601,  15, 000851
31 12:05, 130101 =>  221001,  30, 000316
31 12:14, 040101 =>  080101,  14, 000993
31 12:16, 040101 =>  170201,   3, 000182
31 12:33, 040101 =>  180101,  27, 000712
31 12:45, 130101 =>  130601,  19, 000734
31 13:04, 040101 =>  080401,  30, 000050
31 13:31, 150101 =>  150601,  42, 000914
31 13:50, 150101 =>  022001,  30, 000141
31 13:56, 150101 =>  090501,  10, 000786
31 14:02, 040101 =>  040201,  10, 000139
31 15:02, 150101 =>  021001,  94, 000095
31 15:29, 150101 =>  021601,  42, 000989
31 15:35, 040101 =>  080801,  10, 000388
31 15:56, 150101 =>  022001,  34, 000938
31 16:11, 040101 =>  211201,  23, 000672
31 17:01, 150101 =>  100901,  79, 000528
31 17:07, 130101 =>  200501,  10, 000536
31 17:49, 150101 =>  150501,  66, 000630
31 18:11, 150101 =>  021401,  34, 000619
31 18:13, 040101 =>  250301,   3, 000465
31 18:27, 130101 =>  060401,  23, 000576
31 18:45, 150101 =>  120801,  28, 000154
31 19:05, 150101 =>  120301,  31, 000295
31 19:22, 150101 =>  150601,  27, 000767
31 19:34, 150101 =>  020401,  20, 000728
31 19:37, 130101 =>  160601,   4, 000109
31 19:40, 130101 =>  160301,   5, 000608
31 19:45, 130101 =>  160101,   8, 000130
31 19:50, 040101 =>  081001,   7, 000244
31 19:55, 130101 =>  061101,   8, 000934
31 19:58, 150101 =>  190301,   5, 000210
31 20:08, 040101 =>  170201,  16, 000873
31 20:10, 150101 =>  020801,   4, 000884
31 20:15, 150101 =>  150401,   7, 000715
31 20:19, 130101 =>  131201,   6, 000395
31 20:22, 150101 =>  150901,   6, 000208
31 20:25, 150101 =>  090701,   4, 000924
31 20:28, 130101 =>  130501,   4, 000499
31 20:30, 150101 =>  150901,   4, 000823
31 20:34, 130101 =>  160801,   6, 000428
31 20:43, 040101 =>  230201,  15, 000819
31 20:45, 130101 =>  060101,   3, 000370
31 20:50, 150101 =>  120401,   7, 000809
31 20:55, 040101 =>  230201,   8, 000468
31 20:57, 130101 =>  200801,   4, 000282
31 21:02, 040101 =>  040501,   8, 000990
31 21:04, 130101 =>  060601,   2, 000014
31 21:07, 150101 =>  070101,   5, 000440
31 21:09, 150101 =>  110101,   3, 000359
