01 00:51, 130101 =>  130801,  81, 000499
01 01:38, 150101 =>  120101,  75, 000209
01 01:59, 130101 =>  010401,  32, 000222
01 03:00, 150101 =>  020501,  97, 000043
01 03:42, 130101 =>  160401,  66, 000683
01 03:42, 150101 =>  150901,   1, 000374
01 04:29, 040101 =>  050601,  74, 000644
01 04:58, 150101 =>  070101,  46, 000834
01 05:37, 150101 =>  021301,  61, 000577
01 06:06, 040101 =>  050301,  46, 000778
01 06:51, 150101 =>  110301,  70, 000671
01 06:53, 040101 =>  040501,   4, 000297
01 07:46, 150101 =>  021601,  83, 000089
01 08:26, 040101 =>  080501,  63, 000539
01 09:24, 150101 =>  100901,  93, 000108
01 10:05, 150101 =>  100701,  64, 000180
01 10:32, 150101 =>  020701,  42, 000111
01 11:27, 040101 =>  210401,  88, 000039
01 12:10, 040101 =>  180301,  68, 000697
01 12:46, 150101 =>  020201,  57, 000977
01 13:19, 040101 =>  081101,  51, 000399
01 13:35, 040101 =>  040801,  25, 000444
01 14:00, 150101 =>  110201,  40, 000168
01 14:53, 150101 =>  021201,  83, 000299
01 15:19, 040101 =>  081301,  42, 000529
01 15:53, 150101 =>  021201,  54, 000642
01 16:28, 130101 =>  240101,  55, 000950
01 16:53, 150101 =>  101001,  40, 000251
01 16:57, 130101 =>  130801,   5, 000516
01 16:59, 040101 =>  080801,   4, 000944
01 17:24, 150101 =>  150401,  39, 000691
01 17:36, 150101 =>  022001,  19, 000190
01 17:45, 040101 =>  050401,  15, 000859
01 17:50, 040101 =>  080701,   7, 000819
01 18:09, 130101 =>  130801,  31, 000854
01 18:36, 040101 =>  081001,  42, 000929
01 18:45, 150101 =>  120701,  14, 000439
01 18:58, 040101 =>  210201,  21, 000267
01 19:07, 150101 =>  110301,  14, 000664
01 19:09, 150101 =>  190201,   3, 000785
01 19:22, 040101 =>  080601,  21, 000483
01 19:28, 150101 =>  020501,   9, 000175
01 19:31, 150101 =>  021001,   4, 000615
01 19:34, 150101 =>  150601,   6, 000868
01 19:39, 150101 =>  020401,   8, 000412
01 19:43, 150101 =>  120601,   5, 000444
01 20:06, 130101 =>  060201,  37, 000204
01 20:17, 130101 =>  130801,  18, 000577
01 20:19, 150101 =>  150501,   3, 000060
01 20:35, 130101 =>  130601,  25, 000429
02 00:19, 150101 =>  150501,  31, 000268
02 00:36, 150101 =>  020501,  27, 000330
02 00:38, 150101 =>  120701,   2, 000171
02 00:46, 130101 =>  240301,  14, 000862
02 00:48, 040101 =>  080101,   3, 000324
02 01:03, 150101 =>  090101,  24, 000556
02 01:34, 150101 =>  070101,  48, 000141
02 02:26, 150101 =>  021801,  82, 000830
02 03:16, 040101 =>  080901,  79, 000722
02 03:20, 150101 =>  120101,   7, 000489
02 03:47, 040101 =>  040701,  42, 000383
02 04:17, 040101 =>  210601,  47, 000024
02 04:45, 040101 =>  030401,  44, 000826
02 05:28, 040101 =>  080701,  68, 000348
02 05:40, 150101 =>  120801,  19, 000971
02 05:47, 130101 =>  010101,  11, 000369
02 06:08, 150101 =>  021801,  34, 000850
02 06:20, 150101 =>  020401,  19, 000570
02 07:20, 150101 =>  090701,  94, 000364
02 07:31, 150101 =>  021701,  18, 000381
02 08:10, 150101 =>  120201,  61, 000590
02 09:07, 040101 =>  080801,  91, 000632
02 09:21, 040101 =>  211301,  22, 000589
02 10:05, 130101 =>  140201,  69, 000193
02 10:09, 150101 =>  100701,   7, 000551
02 10:35, 150101 =>  020201,  41, 000428
02 11:10, 130101 =>  060201,  55, 000536
02 11:49, 040101 =>  210201,  62, 000753
02 11:54, 040101 =>  250301,   7, 000525
02 12:01, 150101 =>  150301,  11, 000989
02 12:12, 150101 =>  020601,  18, 000055
02 12:22, 130101 =>  060201,  16, 000670
02 12:27, 150101 =>  090201,   7, 000488
02 12:43, 130101 =>  220201,  26, 000275
02 13:03, 040101 =>  210801,  31, 000436
02 13:54, 150101 =>  190101,  80, 000940
02 14:44, 150101 =>  090401,  80, 000469
02 14:55, 130101 =>  130901,  17, 000684
02 15:04, 130101 =>  060301,  14, 000807
02 15:08, 150101 =>  110501,   7, 000841
02 15:10, 040101 =>  210401,   3, 000774
02 15:15, 040101 =>  080401,   7, 000717
02 15:52, 150101 =>  020301,  59, 000933
02 15:57, 040101 =>  050501,   8, 000981
02 16:30, 130101 =>  010601,  52, 000376
02 16:48, 150101 =>  110201,  29, 000677
02 17:27, 150101 =>  100401,  61, 000521
02 17:35, 150101 =>  110101,  13, 000245
02 17:53, 040101 =>  250201,  28, 000804
02 18:18, 150101 =>  120401,  39, 000983
02 18:20, 040101 =>  050401,   4, 000255
02 18:26, 040101 =>  210701,   9, 000566
02 18:28, 150101 =>  090401,   4, 000382
02 18:32, 040101 =>  040201,   5, 000492
02 18:41, 040101 =>  080101,  14, 000982
02 18:45, 040101 =>  040201,   7, 000062
02 18:47, 040101 =>  170201,   3, 000197
02 18:54, 040101 =>  050201,  12, 000522
02 18:59, 040101 =>  210701,   7, 000659
02 19:03, 040101 =>  081301,   7, 000288
02 19:21, 150101 =>  090401,  28, 000177
02 19:24, 040101 =>  080401,   5, 000068
02 19:38, 150101 =>  021601,  22, 000959
02 20:00, 130101 =>  240201,  34, 000863
02 20:05, 150101 =>  101101,   9, 000844
02 20:09, 130101 =>  060901,   5, 000149
02 20:11, 150101 =>  021901,   4, 000246
02 20:24, 130101 =>  130701,  21, 000555
02 20:26, 040101 =>  030701,   3, 000833
02 20:29, 040101 =>  230301,   4, 000575
03 00:08, 040101 =>  030501,  14, 000746
03 00:45, 040101 =>  081201,  58, 000201
03 01:07, 040101 =>  170101,  34, 000980
03 01:16, 150101 =>  100801,  14, 000759
03 01:33, 040101 =>  050601,  28, 000922
03 01:48, 040101 =>  180301,  24, 000243
03 01:56, 130101 =>  060401,  12, 000996
03 02:28, 130101 =>  200101,  50, 000880
03 03:29, 150101 =>  120501,  97, 000751
03 03:44, 150101 =>  120301,  24, 000676
03 04:32, 150101 =>  020501,  75, 000765
03 05:16, 150101 =>  100201,  70, 000163
03 06:05, 130101 =>  220801,  77, 000406
03 06:48, 150101 =>  120101,  68, 000759
03 07:36, 150101 =>  100501,  75, 000725
03 08:07, 040101 =>  081201,  49, 000766
03 08:51, 150101 =>  021201,  70, 000870
03 09:29, 130101 =>  160301,  60, 000433
03 09:47, 150101 =>  100401,  29, 000349
03 10:32, 040101 =>  051001,  71, 000082
03 10:54, 130101 =>  160201,  35, 000331
03 11:41, 040101 =>  030201,  74, 000811
03 12:08, 150101 =>  021401,  42, 000431
03 12:21, 150101 =>  090701,  21, 000784
03 12:26, 150101 =>  150701,   8, 000822
03 12:42, 130101 =>  140201,  25, 000619
03 12:54, 130101 =>  010401,  19, 000281
03 13:34, 150101 =>  020501,  63, 000440
03 14:34, 150101 =>  120201,  94, 000022
03 14:51, 130101 =>  140301,  28, 000671
03 15:09, 150101 =>  022001,  28, 000521
03 15:24, 040101 =>  211201,  23, 000221
03 16:10, 150101 =>  021801,  73, 000715
03 16:14, 150101 =>  022001,   6, 000901
03 16:19, 040101 =>  210501,   8, 000526
03 16:39, 150101 =>  150401,  32, 000809
03 16:49, 150101 =>  020801,  16, 000312
03 17:09, 150101 =>  101001,  32, 000314
03 17:40, 040101 =>  170301,  49, 000629
03 17:57, 130101 =>  131201,  26, 000627
03 18:07, 040101 =>  051001,  16, 000327
03 18:16, 150101 =>  020701,  15, 000799
03 18:45, 040101 =>  030301,  45, 000817
03 19:03, 040101 =>  211001,  28, 000265
03 19:16, 150101 =>  021901,  21, 000675
03 19:27, 130101 =>  240201,  17, 000618
03 19:31, 150101 =>  021701,   7, 000505
03 19:41, 150101 =>  151001,  16, 000388
03 19:50, 130101 =>  240101,  13, 000565
03 20:03, 040101 =>  030501,  22, 000724
03 20:10, 130101 =>  060701,  11, 000465
03 20:17, 150101 =>  150401,  11, 000995
03 20:25, 150101 =>  020601,  12, 000162
03 20:27, 150101 =>  150601,   3, 000987
03 20:31, 150101 =>  090201,   7, 000392
03 20:38, 130101 =>  010601,  10, 000565
03 20:40, 150101 =>  100201,   4, 000163
03 20:47, 040101 =>  040501,  11, 000047
03 20:50, 150101 =>  021801,   4, 000436
03 20:57, 130101 =>  131201,  12, 000169
03 20:58, 150101 =>  021901,   1, 000025
03 21:12, 040101 =>  211301,  22, 000386
03 21:19, 040101 =>  210701,  12, 000688
03 21:26, 040101 =>  050301,  11, 000863
03 21:30, 040101 =>  040301,   6, 000553
03 21:35, 040101 =>  080701,   7, 000947
04 00:22, 150101 =>  110401,  35, 000846
04 01:00, 150101 =>  021101,  61, 000119
04 01:36, 040101 =>  180201,  56, 000816
04 01:57, 150101 =>  150901,  33, 000352
04 02:17, 150101 =>  020201,  32, 000650
04 02:25, 150101 =>  021001,  12, 000439
04 02:30, 150101 =>  090401,   9, 000594
04 03:22, 150101 =>  021601,  82, 000278
04 04:08, 040101 =>  080801,  72, 000154
04 04:17, 150101 =>  101001,  14, 000498
04 04:32, 150101 =>  021701,  25, 000297
04 04:50, 150101 =>  021601,  27, 000626
04 05:40, 040101 =>  250201,  80, 000419
04 05:54, 150101 =>  150801,  22, 000741
04 06:12, 040101 =>  080301,  28, 000507
04 06:44, 150101 =>  150701,  51, 000884
04 07:17, 150101 =>  120601,  51, 000238
04 07:24, 040101 =>  210901,  12, 000103
04 07:29, 150101 =>  021001,   8, 000101
04 08:08, 150101 =>  100901,  61, 000601
04 08:13, 040101 =>  230301,   8, 000640
04 08:14, 150101 =>  100301,   2, 000096
04 08:37, 150101 =>  100401,  36, 000310
04 09:02, 150101 =>  090601,  40, 000675
04 09:52, 040101 =>  211201,  79, 000870
04 10:30, 130101 =>  060401,  59, 000897
04 11:33, 150101 =>  020101, 100, 000999
04 12:07, 150101 =>  100201,  53, 000556
04 12:56, 150101 =>  021801,  78, 000810
04 13:21, 150101 =>  020401,  40, 000281
04 13:43, 150101 =>  021601,  34, 000897
04 14:09, 150101 =>  021401,  41, 000973
04 14:21, 130101 =>  131001,  19, 000129
04 14:25, 150101 =>  070101,   7, 000034
04 15:20, 130101 =>  061001,  86, 000169
04 15:28, 150101 =>  150801,  13, 000382
04 15:40, 150101 =>  150501,  19, 000645
04 15:51, 150101 =>  022001,  18, 000719
04 16:17, 040101 =>  250401,  41, 000098
04 16:22, 150101 =>  070101,   8, 000413
04 17:11, 130101 =>  060201,  76, 000737
04 17:16, 150101 =>  020501,   8, 000585
04 17:20, 150101 =>  020901,   7, 000199
04 17:23, 150101 =>  151001,   4, 000136
04 17:25, 150101 =>  020401,   3, 000580
04 17:27, 150101 =>  120701,   4, 000557
04 17:50, 130101 =>  060801,  37, 000409
04 18:35, 040101 =>  230301,  70, 000437
04 18:35, 150101 =>  150201,   1, 000730
04 18:56, 130101 =>  060701,  32, 000314
04 19:12, 040101 =>  211201,  25, 000509
05 00:35, 040101 =>  250201,  57, 000430
05 00:41, 150101 =>  110201,  11, 000624
05 01:06, 040101 =>  040601,  40, 000210
05 01:30, 130101 =>  200301,  39, 000442
05 01:33, 150101 =>  020701,   5, 000554
05 01:39, 040101 =>  030101,  10, 000330
05 01:46, 150101 =>  090301,  10, 000573
05 02:43, 150101 =>  090301,  93, 000614
05 03:13, 040101 =>  080501,  49, 000373
05 03:48, 130101 =>  131001,  56, 000644
05 04:28, 130101 =>  010201,  66, 000404
05 04:41, 040101 =>  051001,  20, 000222
05 05:04, 150101 =>  120101,  38, 000577
05 05:12, 040101 =>  050701,  13, 000809
05 06:03, 040101 =>  051101,  83, 000869
05 06:45, 150101 =>  100301,  67, 000269
05 06:47, 150101 =>  020901,   4, 000310
05 07:15, 150101 =>  150801,  46, 000202
05 07:21, 150101 =>  190201,   9, 000222
05 08:07, 130101 =>  200101,  74, 000709
05 08:52, 150101 =>  020801,  74, 000997
05 09:05, 040101 =>  040401,  21, 000140
05 10:06, 040101 =>  230101,  99, 000750
05 10:45, 150101 =>  021201,  63, 000102
05 10:58, 150101 =>  090501,  21, 000890
05 11:31, 150101 =>  100601,  54, 000392
05 11:37, 150101 =>  120501,   9, 000804
05 12:24, 150101 =>  021701,  76, 000950
05 12:46, 130101 =>  160301,  36, 000928
05 13:01, 040101 =>  180301,  25, 000505
05 13:54, 150101 =>  021101,  86, 000992
05 14:19, 040101 =>  250301,  39, 000438
05 14:43, 150101 =>  110201,  40, 000186
05 14:55, 130101 =>  060601,  19, 000838
05 15:04, 130101 =>  131001,  15, 000870
05 15:08, 130101 =>  220201,   6, 000482
05 15:18, 040101 =>  050701,  16, 000773
05 15:31, 040101 =>  040501,  22, 000646
05 15:43, 130101 =>  240101,  19, 000586
05 15:49, 150101 =>  100501,  10, 000313
05 16:21, 150101 =>  100601,  51, 000116
05 16:43, 040101 =>  210701,  36, 000972
05 16:53, 130101 =>  130801,  16, 000970
05 17:04, 130101 =>  060101,  19, 000630
05 17:24, 040101 =>  050601,  31, 000969
05 18:18, 150101 =>  110401,  88, 000032
05 18:32, 150101 =>  090601,  23, 000967
05 18:39, 150101 =>  022001,  12, 000150
05 19:06, 150101 =>  021201,  43, 000921
05 19:15, 150101 =>  120601,  15, 000885
05 19:23, 130101 =>  200101,  13, 000139
05 19:32, 130101 =>  220401,  14, 000565
05 19:52, 150101 =>  090601,  33, 000357
05 19:55, 150101 =>  020101,   4, 000834
05 19:57, 130101 =>  220101,   4, 000171
05 20:03, 040101 =>  050501,   9, 000483
05 20:07, 150101 =>  120401,   7, 000627
05 20:15, 040101 =>  210701,  13, 000809
05 20:17, 150101 =>  150901,   4, 000205
05 20:28, 150101 =>  190301,  17, 000227
05 20:36, 150101 =>  150901,  13, 000614
05 20:41, 150101 =>  100401,   8, 000078
05 20:43, 040101 =>  210101,   4, 000231
05 20:46, 150101 =>  100101,   5, 000082
05 20:48, 150101 =>  100601,   3, 000808
05 20:56, 040101 =>  081301,  12, 000255
05 20:58, 130101 =>  130301,   3, 000182
05 21:01, 150101 =>  120901,   5, 000769
05 21:02, 150101 =>  120401,   3, 000882
06 00:14, 150101 =>  190201,  23, 000212
06 00:50, 150101 =>  022001,  59, 000715
06 00:56, 150101 =>  110201,  10, 000294
06 01:33, 040101 =>  230401,  60, 000085
06 01:55, 150101 =>  090501,  35, 000778
06 02:18, 130101 =>  131001,  37, 000958
06 03:08, 040101 =>  040401,  82, 000613
06 03:51, 130101 =>  200501,  70, 000910
06 04:29, 150101 =>  100801,  61, 000325
06 04:42, 150101 =>  020901,  21, 000628
06 04:59, 040101 =>  080801,  28, 000392
06 05:06, 150101 =>  020701,  11, 000563
06 06:06, 150101 =>  020301,  97, 000408
06 06:56, 130101 =>  060301,  82, 000954
06 07:32, 150101 =>  100201,  58, 000942
06 08:27, 150101 =>  021001,  89, 000810
06 08:31, 150101 =>  120801,   7, 000964
06 08:50, 130101 =>  130301,  31, 000372
06 09:39, 150101 =>  110101,  78, 000642
06 10:01, 130101 =>  061101,  36, 000575
06 10:51, 150101 =>  022001,  82, 000218
06 11:42, 150101 =>  021201,  82, 000876
06 12:23, 040101 =>  040701,  66, 000041
06 13:03, 150101 =>  100401,  65, 000933
06 13:23, 150101 =>  100701,  33, 000747
06 13:33, 150101 =>  020301,  16, 000884
06 13:41, 040101 =>  080701,  13, 000766
06 14:14, 150101 =>  021501,  53, 000452
06 14:25, 150101 =>  100901,  19, 000927
06 14:53, 150101 =>  110501,  45, 000099
06 15:07, 150101 =>  020301,  23, 000595
06 15:23, 150101 =>  190301,  26, 000057
06 15:28, 150101 =>  151001,   7, 000975
06 15:34, 150101 =>  150301,  10, 000073
06 15:34, 040101 =>  081201,   1, 000040
06 15:43, 150101 =>  120801,  14, 000506
06 15:45, 130101 =>  160801,   4, 000314
06 15:47, 150101 =>  090701,   3, 000905
06 16:47, 040101 =>  250201,  96, 000733
06 16:53, 040101 =>  180301,  10, 000928
06 16:55, 150101 =>  150401,   3, 000479
06 17:24, 130101 =>  220901,  48, 000497
06 17:30, 150101 =>  120501,   9, 000039
06 17:33, 150101 =>  120501,   6, 000210
06 17:36, 150101 =>  090501,   4, 000291
06 17:42, 130101 =>  220801,  10, 000535
06 17:50, 040101 =>  040201,  13, 000975
06 18:17, 040101 =>  051101,  44, 000099
06 18:20, 150101 =>  021801,   4, 000631
06 18:21, 150101 =>  150901,   3, 000750
06 18:23, 150101 =>  021601,   2, 000443
07 00:54, 150101 =>  100701,  88, 000537
07 01:38, 150101 =>  100601,  71, 000742
07 02:07, 040101 =>  040301,  47, 000057
07 02:27, 150101 =>  110501,  33, 000431
07 03:20, 040101 =>  210101,  86, 000465
07 03:29, 150101 =>  021201,  14, 000691
07 03:58, 150101 =>  090401,  48, 000564
07 04:57, 130101 =>  200401,  95, 000498
07 05:22, 150101 =>  020801,  41, 000762
07 05:25, 150101 =>  020801,   5, 000689
07 05:48, 150101 =>  150301,  37, 000197
07 06:03, 150101 =>  110301,  25, 000358
07 06:54, 150101 =>  021501,  82, 000288
07 07:04, 040101 =>  051001,  17, 000217
07 07:40, 150101 =>  020101,  58, 000841
07 08:18, 150101 =>  100301,  61, 000380
07 08:38, 130101 =>  200301,  32, 000121
07 09:01, 150101 =>  150801,  38, 000886
07 09:38, 150101 =>  190301,  60, 000166
07 09:40, 150101 =>  021801,   4, 000407
07 09:50, 130101 =>  060601,  15, 000978
07 10:01, 150101 =>  021901,  19, 000410
07 10:55, 150101 =>  100301,  87, 000045
07 10:59, 150101 =>  020101,   7, 000419
07 11:20, 040101 =>  050801,  34, 000872
07 11:31, 150101 =>  120101,  17, 000599
07 11:56, 150101 =>  150901,  41, 000918
07 12:30, 130101 =>  220401,  55, 000765
07 13:09, 130101 =>  160801,  63, 000930
07 13:38, 130101 =>  130201,  47, 000851
07 14:10, 150101 =>  090601,  52, 000563
07 14:23, 150101 =>  151001,  22, 000497
07 14:51, 150101 =>  101101,  44, 000270
07 15:08, 150101 =>  090101,  29, 000922
07 15:47, 040101 =>  050101,  62, 000273
07 15:52, 040101 =>  180101,   9, 000292
07 16:32, 040101 =>  250101,  64, 000193
07 16:39, 150101 =>  022001,  12, 000027
07 17:20, 040101 =>  211201,  67, 000627
07 17:47, 040101 =>  040201,  43, 000529
07 17:53, 150101 =>  021801,   9, 000160
07 18:08, 040101 =>  210701,  25, 000544
07 18:20, 130101 =>  240201,  19, 000230
07 18:26, 150101 =>  100901,  10, 000857
07 18:30, 040101 =>  210901,   6, 000489
07 18:56, 040101 =>  170201,  43, 000815
07 19:07, 040101 =>  050901,  18, 000129
07 19:13, 150101 =>  100401,  10, 000983
07 19:35, 040101 =>  051001,  36, 000877
07 19:39, 150101 =>  020301,   6, 000152
07 19:51, 040101 =>  050801,  19, 000817
07 19:54, 150101 =>  190201,   5, 000088
07 19:57, 040101 =>  030301,   5, 000887
07 20:00, 150101 =>  120901,   4, 000248
07 20:04, 150101 =>  021401,   8, 000310
07 20:07, 150101 =>  150501,   4, 000726
07 20:09, 150101 =>  090301,   4, 000464
07 20:19, 040101 =>  040601,  16, 000895
07 20:20, 150101 =>  150401,   1, 000865
07 20:37, 130101 =>  131001,  28, 000652
08 00:24, 040101 =>  040201,  39, 000818
08 00:43, 150101 =>  110501,  31, 000198
08 01:01, 150101 =>  020201,  29, 000501
08 01:12, 130101 =>  060301,  18, 000002
08 02:05, 150101 =>  150601,  86, 000815
08 02:25, 150101 =>  022001,  33, 000084
08 02:59, 150101 =>  020301,  55, 000962
08 03:13, 150101 =>  021401,  23, 000844
08 03:42, 150101 =>  021901,  47, 000912
08 04:30, 040101 =>  030401,  78, 000653
08 04:46, 040101 =>  210401,  26, 000867
08 05:16, 130101 =>  131101,  48, 000682
08 05:28, 040101 =>  080701,  20, 000046
08 06:16, 150101 =>  090401,  77, 000668
08 06:19, 150101 =>  100801,   5, 000615
08 06:22, 040101 =>  050701,   6, 000774
08 06:51, 130101 =>  240201,  46, 000861
08 07:27, 040101 =>  050401,  58, 000065
08 08:01, 150101 =>  100801,  55, 000927
08 08:33, 150101 =>  110401,  52, 000388
08 08:35, 130101 =>  160401,   4, 000693
08 09:13, 040101 =>  030701,  61, 000179
08 09:15, 150101 =>  022001,   4, 000336
08 09:17, 040101 =>  040501,   3, 000042
08 10:04, 040101 =>  211101,  77, 000597
08 10:15, 130101 =>  160301,  17, 000624
08 10:54, 150101 =>  120901,  63, 000735
08 11:26, 040101 =>  040201,  52, 000612
08 11:57, 150101 =>  120501,  51, 000202
08 12:38, 040101 =>  040401,  66, 000968
08 13:03, 040101 =>  081301,  40, 000455
08 13:09, 150101 =>  101001,  11, 000979
08 13:16, 150101 =>  110401,  11, 000643
08 13:43, 150101 =>  150401,  43, 000163
08 13:56, 040101 =>  250401,  22, 000059
08 14:14, 040101 =>  230201,  29, 000448
08 14:21, 040101 =>  230101,  11, 000489
08 15:16, 150101 =>  022001,  89, 000472
08 15:19, 040101 =>  050201,   5, 000275
08 15:26, 040101 =>  050201,  11, 000484
08 15:45, 150101 =>  100201,  32, 000686
08 15:53, 040101 =>  250401,  12, 000127
08 15:58, 040101 =>  081201,   8, 000355
08 16:15, 130101 =>  061101,  28, 000696
08 16:17, 040101 =>  050101,   3, 000703
08 16:57, 150101 =>  021201,  65, 000336
08 17:00, 040101 =>  210801,   5, 000705
08 17:02, 040101 =>  051101,   3, 000727
08 17:18, 130101 =>  010701,  26, 000032
08 17:53, 150101 =>  090601,  56, 000009
08 18:12, 150101 =>  110401,  31, 000996
08 18:21, 150101 =>  020501,  16, 000996
08 18:24, 150101 =>  110201,   4, 000808
08 18:49, 130101 =>  220601,  40, 000352
08 19:23, 130101 =>  200601,  55, 000574
08 19:32, 150101 =>  021701,  15, 000151
08 19:38, 130101 =>  060901,  10, 000665
08 20:04, 130101 =>  221001,  43, 000300
08 20:07, 040101 =>  250101,   4, 000253
09 00:42, 130101 =>  131101,  71, 000546
09 00:51, 040101 =>  250301,  15, 000526
09 01:27, 150101 =>  110101,  59, 000536
09 02:27, 130101 =>  221001, 100, 000590
09 02:46, 130101 =>  160701,  32, 000473
09 03:05, 150101 =>  020501,  32, 000688
09 03:25, 130101 =>  010401,  34, 000190
09 04:04, 150101 =>  021401,  65, 000000
09 04:25, 150101 =>  150701,  35, 000582
09 05:13, 150101 =>  070101,  79, 000401
09 05:38, 130101 =>  220801,  42, 000486
09 06:12, 150101 =>  150501,  57, 000094
09 06:34, 130101 =>  220701,  36, 000961
09 06:58, 150101 =>  120201,  41, 000111
09 06:59, 040101 =>  030601,   1, 000191
09 07:22, 150101 =>  110501,  38, 000367
09 07:42, 040101 =>  180101,  33, 000194
09 08:04, 150101 =>  100601,  38, 000460
09 08:51, 150101 =>  021901,  77, 000582
09 09:08, 150101 =>  100101,  29, 000178
09 10:07, 150101 =>  100101,  99, 000120
09 10:28, 150101 =>  120901,  34, 000696
09 11:06, 040101 =>  230201,  63, 000823
09 11:14, 130101 =>  220701,  14, 000669
09 11:22, 040101 =>  081201,  13, 000817
09 11:28, 040101 =>  210701,  10, 000705
09 11:50, 040101 =>  211301,  37, 000607
09 12:07, 040101 =>  080901,  29, 000751
09 12:41, 040101 =>  210201,  56, 000945
09 12:48, 040101 =>  210501,  11, 000833
09 13:15, 150101 =>  021601,  46, 000840
09 13:21, 150101 =>  090601,  10, 000431
09 14:01, 150101 =>  100501,  67, 000028
09 14:15, 130101 =>  010601,  22, 000781
09 14:44, 040101 =>  030201,  49, 000238
09 14:54, 130101 =>  160801,  16, 000211
09 15:04, 130101 =>  220901,  18, 000714
09 15:13, 130101 =>  160201,  15, 000777
09 16:08, 040101 =>  080401,  91, 000938
09 16:10, 130101 =>  010301,   3, 000295
09 16:38, 150101 =>  020101,  47, 000378
09 17:10, 150101 =>  101101,  53, 000459
09 17:33, 150101 =>  120501,  39, 000709
09 17:37, 130101 =>  061301,   7, 000373
09 17:57, 150101 =>  020901,  33, 000413
09 18:01, 150101 =>  100601,   7, 000284
09 18:15, 150101 =>  022001,  22, 000275
09 18:17, 130101 =>  200801,   4, 000816
09 18:23, 150101 =>  120901,  10, 000698
09 18:27, 150101 =>  110301,   7, 000632
09 18:37, 150101 =>  120401,  16, 000529
09 19:11, 040101 =>  081101,  57, 000792
09 19:14, 130101 =>  060701,   5, 000383
09 19:20, 150101 =>  021901,  10, 000270
09 19:22, 130101 =>  140201,   3, 000489
09 19:27, 150101 =>  020801,   8, 000088
09 19:31, 150101 =>  150601,   7, 000293
09 19:57, 040101 =>  230201,  43, 000343
09 19:59, 150101 =>  100901,   4, 000226
09 20:00, 150101 =>  021201,   2, 000303
10 00:06, 150101 =>  120601,  11, 000121
10 00:49, 130101 =>  010301,  72, 000991
10 01:15, 150101 =>  150701,  43, 000828
10 01:49, 040101 =>  210401,  56, 000755
10 02:33, 040101 =>  210701,  73, 000419
10 02:48, 130101 =>  010301,  25, 000776
10 03:37, 040101 =>  030501,  82, 000576
10 04:14, 150101 =>  120701,  62, 000420
10 04:25, 040101 =>  030701,  19, 000784
10 04:30, 130101 =>  160101,   7, 000985
10 05:27, 130101 =>  160201,  95, 000282
10 06:07, 150101 =>  090601,  67, 000878
10 06:56, 150101 =>  022001,  82, 000495
10 07:03, 150101 =>  150901,  11, 000739
10 07:25, 150101 =>  120901,  38, 000026
10 07:55, 150101 =>  100801,  49, 000724
10 07:57, 040101 =>  180301,   4, 000152
10 08:54, 150101 =>  020501,  95, 000217
10 09:39, 040101 =>  030501,  74, 000601
10 10:13, 130101 =>  061301,  58, 000483
10 11:07, 040101 =>  210501,  89, 000712
10 11:28, 150101 =>  090201,  36, 000840
10 11:55, 130101 =>  130801,  45, 000634
10 12:01, 040101 =>  040501,   9, 000950
10 12:53, 150101 =>  021701,  87, 000981
10 13:08, 150101 =>  090301,  25, 000874
10 13:36, 150101 =>  150601,  47, 000419
10 14:13, 150101 =>  100801,  61, 000232
10 14:32, 040101 =>  211001,  32, 000009
10 14:52, 040101 =>  050101,  34, 000213
10 15:16, 150101 =>  020901,  40, 000115
10 15:24, 130101 =>  130801,  13, 000786
10 15:57, 150101 =>  150401,  54, 000748
10 16:10, 150101 =>  150701,  22, 000255
10 16:16, 150101 =>  022001,  11, 000880
10 16:42, 040101 =>  230101,  43, 000912
10 17:02, 150101 =>  190101,  33, 000884
10 17:07, 130101 =>  221001,   9, 000668
10 17:34, 150101 =>  110101,  45, 000061
10 17:50, 130101 =>  010101,  26, 000499
10 17:57, 040101 =>  040601,  11, 000467
10 18:20, 150101 =>  150601,  39, 000886
10 18:27, 040101 =>  210501,  11, 000876
10 18:41, 040101 =>  040201,  24, 000750
10 18:51, 150101 =>  100801,  16, 000482
10 18:52, 150101 =>  120701,   3, 000735
10 19:12, 150101 =>  020301,  32, 000098
10 19:27, 040101 =>  030601,  25, 000680
10 19:39, 150101 =>  020501,  21, 000398
10 19:49, 130101 =>  131201,  16, 000231
10 19:51, 150101 =>  021101,   4, 000118
10 20:00, 150101 =>  110101,  15, 000488
10 20:06, 130101 =>  160401,  10, 000248
10 20:14, 040101 =>  081101,  13, 000813
10 20:19, 130101 =>  220201,   8, 000178
10 20:23, 150101 =>  110301,   7, 000897
10 20:31, 130101 =>  010401,  13, 000240
10 20:36, 150101 =>  021401,   8, 000439
10 20:39, 040101 =>  050901,   6, 000897
10 20:42, 150101 =>  021001,   4, 000817
10 20:48, 040101 =>  230201,  10, 000270
10 20:52, 130101 =>  061001,   8, 000492
10 20:55, 150101 =>  150601,   4, 000203
10 20:58, 040101 =>  210101,   5, 000222
10 21:01, 130101 =>  200601,   5, 000957
10 21:02, 150101 =>  150901,   2, 000284
11 00:49, 040101 =>  050801,  82, 000377
11 01:06, 040101 =>  050901,  29, 000483
11 01:22, 130101 =>  200601,  26, 000576
11 02:00, 040101 =>  050501,  64, 000039
11 02:35, 130101 =>  160201,  58, 000020
11 02:37, 040101 =>  030301,   4, 000311
11 03:01, 040101 =>  040501,  40, 000697
11 03:48, 130101 =>  130901,  77, 000948
11 04:36, 040101 =>  040301,  80, 000363
11 04:45, 150101 =>  150901,  15, 000804
11 05:10, 150101 =>  100301,  42, 000078
11 05:34, 130101 =>  130501,  40, 000731
11 05:51, 150101 =>  120601,  28, 000190
11 05:53, 040101 =>  081101,   4, 000236
11 06:04, 130101 =>  061201,  19, 000139
11 06:26, 150101 =>  101001,  36, 000929
11 06:38, 150101 =>  150901,  20, 000858
11 06:55, 130101 =>  221001,  29, 000180
11 07:52, 150101 =>  120101,  94, 000995
11 08:15, 040101 =>  030101,  38, 000647
11 09:11, 040101 =>  211301,  94, 000228
11 09:19, 150101 =>  150701,  13, 000262
11 09:48, 150101 =>  120901,  48, 000248
11 10:34, 150101 =>  190101,  78, 000021
11 10:56, 040101 =>  051101,  36, 000838
11 11:11, 150101 =>  090601,  25, 000510
11 12:07, 150101 =>  090201,  94, 000188
11 12:21, 040101 =>  210301,  22, 000620
11 12:36, 150101 =>  150301,  25, 000341
11 12:56, 040101 =>  050501,  34, 000845
11 13:08, 130101 =>  010201,  20, 000742
11 13:25, 040101 =>  040501,  29, 000355
11 13:41, 150101 =>  020401,  26, 000559
11 13:58, 040101 =>  081101,  28, 000028
11 14:07, 150101 =>  021601,  15, 000185
11 14:18, 150101 =>  150301,  19, 000197
11 14:22, 150101 =>  090501,   7, 000099
11 14:27, 040101 =>  211201,   7, 000475
11 14:33, 130101 =>  130701,  10, 000520
11 14:34, 040101 =>  180101,   3, 000735
11 15:04, 150101 =>  021801,  50, 000292
11 15:27, 150101 =>  101001,  38, 000629
11 16:10, 150101 =>  020401,  71, 000989
11 16:23, 150101 =>  120401,  22, 000987
11 17:07, 150101 =>  021801,  74, 000230
11 17:24, 130101 =>  200601,  27, 000533
11 17:48, 150101 =>  110401,  40, 000273
11 17:57, 040101 =>  210801,  16, 000001
11 18:03, 040101 =>  250301,   9, 000558
11 18:20, 130101 =>  220601,  29, 000623
11 18:25, 130101 =>  220801,   9, 000632
11 18:34, 130101 =>  220701,  14, 000515
11 18:47, 150101 =>  101001,  22, 000963
11 18:53, 130101 =>  130301,  10, 000728
11 19:19, 150101 =>  021501,  43, 000044
11 19:43, 150101 =>  021501,  40, 000762
11 19:54, 150101 =>  151001,  18, 000185
11 19:57, 150101 =>  021601,   5, 000825
11 20:01, 040101 =>  081201,   7, 000210
11 20:04, 040101 =>  030201,   6, 000446
11 20:09, 040101 =>  250201,   7, 000289
11 20:11, 150101 =>  150701,   4, 000172
11 20:13, 040101 =>  210201,   4, 000265
11 20:16, 040101 =>  030301,   4, 000973
11 20:18, 150101 =>  021501,   4, 000919
11 20:22, 150101 =>  120801,   7, 000855
12 00:35, 130101 =>  130801,  59, 000444
12 00:42, 040101 =>  080601,  12, 000597
12 00:57, 130101 =>  200101,  24, 000341
12 01:30, 040101 =>  040201,  55, 000345
12 02:06, 040101 =>  080901,  60, 000158
12 02:10, 150101 =>  020801,   7, 000312
12 03:08, 040101 =>  180301,  97, 000578
12 03:21, 040101 =>  230301,  21, 000501
12 04:10, 150101 =>  020801,  82, 000127
12 04:58, 040101 =>  050801,  80, 000984
12 05:44, 150101 =>  100201,  77, 000543
12 06:05, 130101 =>  131201,  35, 000402
12 06:16, 150101 =>  150801,  19, 000939
12 06:42, 130101 =>  140101,  42, 000154
12 06:57, 130101 =>  010701,  26, 000168
12 07:00, 040101 =>  050401,   4, 000497
12 07:39, 150101 =>  110301,  65, 000950
12 07:58, 150101 =>  021201,  32, 000519
12 08:32, 150101 =>  150601,  57, 000359
12 08:56, 130101 =>  220301,  40, 000720
12 09:06, 150101 =>  020101,  17, 000460
12 09:31, 150101 =>  020201,  42, 000549
12 09:37, 040101 =>  170201,  10, 000594
12 09:49, 130101 =>  060301,  19, 000042
12 10:28, 040101 =>  080901,  65, 000269
12 10:45, 040101 =>  180101,  28, 000673
12 11:22, 150101 =>  020601,  62, 000893
12 12:01, 040101 =>  081201,  66, 000337
12 12:10, 040101 =>  080501,  15, 000305
12 12:54, 150101 =>  021201,  72, 000985
12 13:30, 150101 =>  100101,  61, 000842
12 13:56, 150101 =>  020201,  43, 000399
12 14:03, 130101 =>  160301,  12, 000188
12 14:24, 040101 =>  170301,  35, 000193
12 15:00, 150101 =>  120801,  59, 000362
12 15:03, 130101 =>  140101,   6, 000125
12 15:30, 150101 =>  020401,  44, 000179
12 16:02, 150101 =>  021601,  54, 000422
12 16:27, 150101 =>  022001,  41, 000454
12 16:34, 150101 =>  021901,  12, 000779
12 16:49, 040101 =>  180301,  26, 000708
12 17:01, 040101 =>  080201,  20, 000720
12 17:19, 130101 =>  060501,  30, 000933
12 17:29, 150101 =>  120101,  16, 000873
12 17:33, 040101 =>  080701,   6, 000748
12 17:36, 040101 =>  080801,   5, 000501
12 17:58, 150101 =>  110401,  38, 000786
12 18:06, 040101 =>  030701,  12, 000830
12 18:17, 150101 =>  110501,  19, 000631
12 18:39, 130101 =>  220601,  36, 000935
12 18:41, 040101 =>  080501,   4, 000428
12 18:43, 040101 =>  030201,   3, 000466
12 18:46, 040101 =>  080801,   5, 000643
12 19:13, 150101 =>  150201,  46, 000976
12 19:17, 150101 =>  100901,   6, 000029
12 19:20, 040101 =>  210701,   5, 000079
12 19:24, 040101 =>  210601,   6, 000622
12 19:43, 150101 =>  020501,  32, 000351
12 20:00, 130101 =>  220101,  28, 000634
12 20:09, 150101 =>  022001,  15, 000640
12 20:10, 040101 =>  050401,   3, 000168
12 20:16, 130101 =>  160301,   9, 000708
12 20:27, 150101 =>  151001,  18, 000476
12 20:35, 130101 =>  131001,  14, 000529
12 20:41, 130101 =>  131001,  10, 000258
12 20:47, 150101 =>  021201,  10, 000557
12 20:51, 150101 =>  110301,   7, 000684
12 20:54, 040101 =>  040401,   4, 000813
12 20:59, 130101 =>  221001,   9, 000958
12 21:03, 150101 =>  150901,   6, 000713
12 21:03, 040101 =>  050901,   1, 000076
12 21:06, 150101 =>  100901,   5, 000461
13 00:30, 130101 =>  130801,  50, 000807
13 00:42, 150101 =>  101101,  21, 000414
13 01:06, 150101 =>  190101,  40, 000678
13 01:09, 150101 =>  120101,   4, 000010
13 01:13, 040101 =>  040301,   8, 000388
13 01:55, 150101 =>  110301,  70, 000804
13 02:13, 150101 =>  150901,  29, 000006
13 02:24, 130101 =>  060201,  18, 000347
13 02:59, 150101 =>  120801,  59, 000135
13 03:06, 130101 =>  240201,  12, 000820
13 03:58, 150101 =>  100301,  86, 000721
13 04:36, 040101 =>  040401,  63, 000501
13 05:06, 150101 =>  100701,  50, 000190
13 05:09, 040101 =>  170301,   5, 000577
13 05:10, 130101 =>  061001,   3, 000714
13 05:37, 130101 =>  060401,  45, 000196
13 05:47, 040101 =>  030501,  16, 000944
13 06:25, 040101 =>  250201,  63, 000203
13 07:15, 150101 =>  110101,  84, 000454
13 07:57, 040101 =>  210201,  69, 000056
13 08:48, 150101 =>  101101,  85, 000472
13 09:21, 150101 =>  021601,  55, 000402
13 09:31, 040101 =>  210501,  18, 000024
13 10:07, 150101 =>  090201,  59, 000615
13 10:18, 040101 =>  030601,  18, 000303
13 11:14, 150101 =>  150201,  94, 000409
13 11:24, 040101 =>  040201,  16, 000195
13 12:16, 150101 =>  021001,  88, 000266
13 12:40, 040101 =>  030501,  40, 000644
13 13:22, 040101 =>  210201,  69, 000786
13 13:58, 150101 =>  150201,  61, 000021
13 14:07, 150101 =>  021901,  14, 000648
13 14:48, 040101 =>  180301,  69, 000940
13 15:05, 040101 =>  030301,  28, 000834
13 15:40, 130101 =>  220601,  59, 000902
13 15:58, 150101 =>  100901,  30, 000830
13 16:22, 150101 =>  120601,  40, 000244
13 16:39, 040101 =>  050301,  28, 000678
13 16:55, 150101 =>  090201,  27, 000474
13 17:00, 150101 =>  100401,   7, 000896
13 17:19, 040101 =>  030701,  33, 000369
13 17:39, 040101 =>  050601,  32, 000720
13 17:51, 150101 =>  190101,  20, 000753
13 18:35, 130101 =>  220301,  74, 000635
13 18:44, 040101 =>  081201,  15, 000669
13 18:56, 040101 =>  050801,  20, 000505
13 19:09, 150101 =>  110501,  22, 000432
13 19:38, 130101 =>  220901,  48, 000348
13 19:56, 130101 =>  010201,  30, 000447
13 20:06, 150101 =>  090601,  16, 000441
13 20:24, 130101 =>  130701,  30, 000362
13 20:37, 130101 =>  160401,  22, 000606
13 20:44, 130101 =>  220601,  12, 000408
13 20:46, 040101 =>  230101,   4, 000066
13 20:49, 130101 =>  010401,   5, 000038
13 20:55, 150101 =>  150801,  10, 000381
13 21:01, 040101 =>  210701,  10, 000790
13 21:07, 040101 =>  051101,  10, 000070
13 21:11, 040101 =>  080301,   6, 000201
13 21:14, 130101 =>  130201,   5, 000986
13 21:16, 040101 =>  030701,   3, 000410
13 21:19, 150101 =>  020501,   5, 000499
13 21:21, 040101 =>  050101,   3, 000527
13 21:24, 150101 =>  021701,   6, 000516
13 21:27, 150101 =>  150501,   5, 000052
13 21:30, 040101 =>  080301,   4, 000423
13 21:31, 150101 =>  150901,   2, 000617
14 00:48, 150101 =>  150401,  80, 000003
14 01:07, 040101 =>  030401,  32, 000935
14 01:38, 150101 =>  120801,  52, 000976
14 01:40, 150101 =>  100401,   4, 000471
14 02:34, 150101 =>  120501,  90, 000950
14 02:51, 130101 =>  200801,  28, 000466
14 03:51, 130101 =>  060801,  99, 000903
14 04:11, 150101 =>  022001,  34, 000626
14 04:13, 040101 =>  051001,   4, 000997
14 04:33, 150101 =>  150301,  33, 000756
14 05:28, 150101 =>  021401,  92, 000567
14 05:37, 150101 =>  021601,  14, 000740
14 05:48, 040101 =>  230101,  18, 000143
14 06:06, 150101 =>  101101,  30, 000290
14 06:56, 130101 =>  200601,  84, 000437
14 07:15, 130101 =>  160101,  32, 000710
14 07:35, 150101 =>  150401,  33, 000014
14 08:27, 150101 =>  101101,  87, 000162
14 08:42, 040101 =>  170301,  25, 000059
14 09:33, 150101 =>  150301,  84, 000004
14 10:08, 130101 =>  060601,  59, 000729
14 10:20, 040101 =>  040701,  20, 000710
14 11:02, 040101 =>  211201,  70, 000396
14 11:56, 150101 =>  100201,  90, 000079
14 12:15, 130101 =>  200401,  31, 000467
14 12:16, 040101 =>  081101,   3, 000832
14 12:24, 040101 =>  050501,  13, 000987
14 13:14, 150101 =>  110501,  83, 000203
14 13:22, 150101 =>  101001,  14, 000736
14 13:48, 040101 =>  080501,  42, 000233
14 13:48, 040101 =>  230201,   1, 000140
14 13:51, 040101 =>  081301,   5, 000415
14 13:58, 150101 =>  150701,  12, 000696
14 14:32, 150101 =>  120701,  56, 000154
14 14:50, 040101 =>  080901,  30, 000499
14 14:58, 150101 =>  190301,  13, 000576
14 15:19, 150101 =>  100601,  35, 000140
14 16:01, 040101 =>  030101,  70, 000265
14 16:46, 040101 =>  210401,  76, 000909
14 17:12, 040101 =>  030201,  43, 000752
14 17:30, 150101 =>  120101,  30, 000294
14 17:40, 040101 =>  051001,  16, 000489
14 18:13, 040101 =>  210601,  55, 000067
14 18:29, 040101 =>  080701,  27, 000223
14 18:40, 150101 =>  190301,  18, 000473
14 18:48, 150101 =>  151001,  14, 000468
14 19:03, 150101 =>  120601,  25, 000145
14 19:16, 150101 =>  110201,  22, 000514
14 19:28, 130101 =>  131201,  19, 000014
14 19:45, 040101 =>  050101,  28, 000984
14 19:49, 130101 =>  130701,   7, 000412
14 19:55, 130101 =>  010101,  11, 000813
14 19:59, 040101 =>  030101,   6, 000955
14 20:03, 130101 =>  220201,   7, 000161
14 20:05, 040101 =>  040301,   3, 000646
14 20:12, 150101 =>  020201,  11, 000401
14 20:19, 150101 =>  020301,  12, 000427
14 20:24, 150101 =>  101101,   9, 000938
14 20:34, 130101 =>  130601,  16, 000337
14 20:43, 040101 =>  080901,  16, 000873
14 20:46, 150101 =>  020101,   4, 000744
14 20:52, 040101 =>  170301,  11, 000882
14 20:54, 150101 =>  090601,   3, 000244
14 21:03, 130101 =>  220801,  14, 000692
14 21:07, 040101 =>  230401,   8, 000396
14 21:10, 150101 =>  090101,   4, 000139
14 21:10, 150101 =>  020101,   1, 000064
14 21:17, 040101 =>  030301,  11, 000157
14 21:21, 040101 =>  030101,   7, 000699
15 00:59, 130101 =>  061001,  99, 000952
15 01:13, 130101 =>  200401,  24, 000948
15 01:58, 130101 =>  160401,  74, 000960
15 02:09, 150101 =>  150801,  19, 000675
15 02:40, 040101 =>  040601,  51, 000790
15 02:46, 130101 =>  200301,  11, 000715
15 03:40, 150101 =>  150801,  90, 000639
15 04:34, 150101 =>  190101,  89, 000799
15 04:47, 150101 =>  120101,  22, 000919
15 05:23, 150101 =>  090101,  60, 000351
15 05:46, 130101 =>  160701,  39, 000910
15 06:00, 150101 =>  021501,  23, 000084
15 06:22, 130101 =>  200701,  36, 000586
15 06:28, 150101 =>  100101,  10, 000659
15 06:53, 040101 =>  030301,  42, 000624
15 07:04, 150101 =>  150501,  18, 000385
15 07:22, 040101 =>  030101,  30, 000881
15 08:00, 150101 =>  021801,  64, 000995
15 08:15, 130101 =>  131201,  25, 000963
15 08:23, 150101 =>  100801,  13, 000945
15 08:54, 040101 =>  040701,  51, 000448
15 09:45, 150101 =>  150201,  86, 000262
15 10:17, 040101 =>  230201,  53, 000692
15 10:24, 040101 =>  250201,  11, 000799
15 11:00, 150101 =>  100601,  61, 000279
15 11:02, 040101 =>  210501,   3, 000242
15 11:10, 040101 =>  250101,  13, 000478
15 11:12, 150101 =>  020201,   3, 000044
15 11:42, 150101 =>  020101,  51, 000727
15 11:46, 040101 =>  050301,   7, 000438
15 11:51, 040101 =>  210201,   7, 000540
15 12:25, 150101 =>  021801,  58, 000383
15 12:48, 130101 =>  160701,  37, 000847
15 12:58, 150101 =>  190101,  17, 000085
15 13:07, 040101 =>  030301,  16, 000334
15 13:48, 040101 =>  250101,  67, 000069
15 13:51, 040101 =>  080601,   6, 000522
15 14:04, 130101 =>  200701,  22, 000441
15 14:10, 150101 =>  110501,  10, 000936
15 14:27, 040101 =>  080201,  28, 000760
15 14:41, 150101 =>  022001,  23, 000832
15 14:45, 150101 =>  150401,   7, 000439
15 15:23, 150101 =>  150501,  63, 000937
15 15:27, 150101 =>  021701,   7, 000170
15 15:46, 150101 =>  120301,  32, 000665
15 16:16, 150101 =>  100501,  49, 000680
15 16:52, 040101 =>  081101,  61, 000467
15 17:07, 150101 =>  150301,  25, 000996
15 17:18, 130101 =>  160501,  18, 000255
15 17:24, 130101 =>  160201,  10, 000737
15 17:56, 150101 =>  021101,  53, 000951
15 18:02, 150101 =>  100101,  10, 000062
15 18:26, 150101 =>  150801,  40, 000403
15 18:29, 040101 =>  050501,   5, 000881
15 18:32, 130101 =>  220801,   5, 000493
15 18:50, 150101 =>  100901,  30, 000976
15 18:52, 130101 =>  200301,   4, 000362
15 19:00, 150101 =>  110101,  12, 000731
15 19:03, 130101 =>  140101,   5, 000844
15 19:09, 150101 =>  190201,  11, 000313
15 19:42, 040101 =>  170101,  55, 000771
15 19:48, 130101 =>  010201,  10, 000976
15 20:16, 040101 =>  050101,  46, 000919
15 20:20, 150101 =>  100201,   7, 000557
15 20:25, 130101 =>  130401,   8, 000488
15 20:31, 040101 =>  080801,  10, 000612
15 20:45, 040101 =>  081001,  23, 000823
15 20:51, 150101 =>  120701,  11, 000479
15 20:54, 130101 =>  130201,   4, 000598
15 20:58, 040101 =>  050701,   7, 000184
15 21:00, 130101 =>  220901,   3, 000200
15 21:02, 130101 =>  160401,   4, 000157
15 21:07, 150101 =>  150501,   9, 000162
15 21:16, 040101 =>  210501,  14, 000093
15 21:18, 150101 =>  150301,   4, 000627
16 00:02, 150101 =>  100101,   4, 000042
16 00:10, 150101 =>  020201,  13, 000787
16 00:39, 150101 =>  020301,  49, 000318
16 01:24, 150101 =>  120501,  74, 000045
16 02:01, 040101 =>  180301,  62, 000554
16 02:28, 150101 =>  020401,  45, 000536
16 03:02, 040101 =>  081001,  57, 000289
16 03:08, 130101 =>  010501,  10, 000327
16 03:37, 150101 =>  110301,  49, 000411
16 04:33, 150101 =>  110201,  92, 000605
16 04:37, 130101 =>  140301,   8, 000707
16 05:09, 040101 =>  040801,  53, 000848
16 05:37, 150101 =>  090501,  46, 000376
16 05:55, 150101 =>  120801,  31, 000075
16 06:28, 150101 =>  100701,  54, 000377
16 06:30, 150101 =>  150501,   4, 000638
16 07:13, 130101 =>  130801,  71, 000039
16 07:48, 150101 =>  100501,  58, 000049
16 08:02, 040101 =>  210801,  24, 000566
16 08:51, 150101 =>  021101,  81, 000710
16 09:21, 130101 =>  130501,  51, 000072
16 10:21, 150101 =>  120101, 100, 000445
16 11:16, 150101 =>  150701,  91, 000757
16 11:22, 150101 =>  021601,  10, 000962
16 11:35, 150101 =>  150501,  22, 000689
16 11:53, 150101 =>  150501,  30, 000894
16 12:18, 150101 =>  100501,  41, 000396
16 13:10, 040101 =>  081201,  87, 000732
16 13:15, 130101 =>  200601,   9, 000047
16 14:07, 130101 =>  140201,  86, 000490
16 14:36, 150101 =>  020201,  49, 000644
16 15:16, 040101 =>  051001,  67, 000679
16 15:29, 150101 =>  020701,  21, 000727
16 15:43, 150101 =>  021701,  24, 000817
16 15:57, 150101 =>  070101,  23, 000929
16 16:13, 040101 =>  210801,  26, 000470
16 16:41, 040101 =>  050601,  47, 000491
16 16:51, 040101 =>  180101,  16, 000876
16 17:06, 130101 =>  010501,  25, 000808
16 17:31, 040101 =>  050601,  43, 000952
16 17:39, 040101 =>  040701,  13, 000909
16 18:05, 040101 =>  040301,  43, 000101
16 18:19, 130101 =>  200201,  24, 000231
16 18:30, 150101 =>  120201,  18, 000353
16 18:42, 150101 =>  090501,  19, 000720
16 18:49, 150101 =>  021501,  13, 000863
16 18:56, 150101 =>  020701,  11, 000986
16 19:02, 150101 =>  020801,  10, 000040
16 19:10, 040101 =>  080101,  13, 000736
16 19:21, 130101 =>  130901,  18, 000954
16 19:25, 150101 =>  020201,   8, 000691
16 19:28, 150101 =>  120601,   4, 000154
16 19:33, 040101 =>  081301,   8, 000927
16 19:44, 040101 =>  050201,  19, 000155
16 19:46, 150101 =>  021301,   3, 000825
16 20:10, 130101 =>  220601,  40, 000671
16 20:18, 040101 =>  080301,  14, 000235
16 20:20, 150101 =>  100301,   3, 000002
16 20:27, 040101 =>  210901,  11, 000135
16 20:42, 130101 =>  130701,  25, 000519
17 00:21, 040101 =>  030101,  36, 000643
17 00:44, 040101 =>  050801,  40, 000799
17 00:54, 130101 =>  130401,  18, 000191
17 01:25, 040101 =>  040301,  53, 000742
17 02:13, 130101 =>  060301,  81, 000256
17 02:34, 040101 =>  250101,  36, 000216
17 03:18, 130101 =>  060401,  76, 000037
17 03:28, 130101 =>  160401,  18, 000168
17 04:09, 130101 =>  160701,  70, 000303
17 04:16, 150101 =>  100501,  11, 000178
17 04:37, 150101 =>  110301,  36, 000452
17 04:40, 130101 =>  160701,   5, 000619
17 04:51, 150101 =>  020401,  20, 000876
17 04:54, 040101 =>  050701,   5, 000329
17 04:59, 150101 =>  120101,   8, 000385
17 05:22, 150101 =>  090101,  40, 000558
17 05:24, 040101 =>  210701,   3, 000394
17 05:35, 040101 =>  080201,  19, 000897
17 06:29, 040101 =>  211301,  92, 000063
17 06:57, 040101 =>  050201,  48, 000445
17 07:07, 130101 =>  240101,  18, 000694
17 07:26, 130101 =>  131201,  32, 000872
17 07:47, 150101 =>  150801,  37, 000397
17 08:14, 040101 =>  030501,  46, 000643
17 08:21, 150101 =>  101001,  11, 000235
17 09:10, 150101 =>  120201,  85, 000395
17 09:39, 040101 =>  081001,  49, 000121
17 09:42, 150101 =>  070101,   6, 000802
17 09:45, 040101 =>  030101,   5, 000187
17 10:21, 150101 =>  100501,  61, 000735
17 10:28, 130101 =>  220701,  12, 000954
17 10:34, 040101 =>  050401,  10, 000823
17 10:58, 150101 =>  100601,  42, 000783
17 11:06, 150101 =>  100301,  14, 000537
17 11:23, 040101 =>  211001,  29, 000838
17 11:38, 150101 =>  090501,  25, 000575
17 12:01, 150101 =>  150201,  40, 000154
17 12:03, 130101 =>  010601,   4, 000964
17 12:47, 150101 =>  120201,  74, 000292
17 13:21, 150101 =>  120401,  59, 000646
17 13:39, 150101 =>  100101,  31, 000452
17 14:23, 150101 =>  020901,  75, 000651
17 14:50, 040101 =>  040401,  47, 000854
17 15:04, 150101 =>  150601,  23, 000368
17 15:25, 040101 =>  170201,  36, 000631
17 15:45, 130101 =>  200501,  34, 000442
17 16:41, 150101 =>  100101,  97, 000574
17 16:45, 150101 =>  190201,   6, 000101
17 17:00, 040101 =>  210501,  26, 000179
17 17:09, 040101 =>  030401,  16, 000933
17 17:13, 150101 =>  022001,   7, 000395
17 17:16, 130101 =>  131101,   4, 000630
17 17:27, 130101 =>  060801,  19, 000514
17 18:08, 150101 =>  150901,  71, 000306
17 18:10, 130101 =>  010501,   3, 000340
17 18:12, 040101 =>  050201,   3, 000374
17 18:18, 130101 =>  220701,  11, 000557
17 18:26, 040101 =>  250101,  14, 000292
17 18:29, 040101 =>  050201,   5, 000879
17 18:32, 040101 =>  080701,   5, 000661
17 18:41, 150101 =>  020601,  16, 000179
17 19:08, 150101 =>  070101,  46, 000510
17 19:12, 040101 =>  030501,   6, 000924
17 19:36, 150101 =>  120601,  42, 000068
17 19:53, 150101 =>  120101,  29, 000612
17 20:01, 130101 =>  010101,  13, 000083
17 20:07, 040101 =>  230301,  11, 000313
17 20:11, 130101 =>  130901,   7, 000348
17 20:14, 150101 =>  020201,   5, 000047
17 20:16, 040101 =>  170101,   3, 000316
17 20:18, 040101 =>  170201,   4, 000442
17 20:21, 040101 =>  180301,   5, 000179
17 20:23, 040101 =>  050501,   4, 000580
17 20:39, 150101 =>  021901,  27, 000970
17 20:41, 040101 =>  030101,   4, 000874
18 00:05, 130101 =>  160301,   9, 000647
18 00:35, 040101 =>  210801,  51, 000984
18 00:54, 040101 =>  250101,  34, 000204
18 00:56, 130101 =>  220601,   3, 000687
18 01:41, 130101 =>  130701,  77, 000862
18 02:20, 150101 =>  100401,  66, 000837
18 02:33, 130101 =>  220101,  23, 000263
18 02:55, 130101 =>  061201,  37, 000254
18 03:22, 040101 =>  080501,  47, 000504
18 04:04, 130101 =>  200101,  72, 000835
18 04:24, 130101 =>  240301,  34, 000727
18 04:56, 130101 =>  220701,  56, 000755
18 04:58, 150101 =>  120701,   2, 000395
18 05:32, 040101 =>  210201,  59, 000454
18 05:39, 130101 =>  010401,  12, 000700
18 05:58, 150101 =>  070101,  32, 000566
18 06:07, 130101 =>  060901,  16, 000677
18 06:15, 130101 =>  160201,  13, 000480
18 06:32, 130101 =>  220401,  29, 000692
18 06:44, 040101 =>  040801,  21, 000396
18 06:47, 040101 =>  040701,   5, 000420
18 07:44, 040101 =>  180301,  99, 000015
18 08:05, 150101 =>  101001,  35, 000843
18 08:52, 150101 =>  151001,  80, 000398
18 09:13, 040101 =>  210301,  36, 000946
18 09:17, 040101 =>  050401,   8, 000103
18 09:34, 150101 =>  070101,  28, 000363
18 09:35, 130101 =>  130601,   3, 000642
18 10:22, 040101 =>  080201,  80, 000163
18 10:34, 150101 =>  120101,  20, 000367
18 10:37, 150101 =>  020501,   5, 000091
18 11:07, 150101 =>  070101,  52, 000133
18 11:50, 150101 =>  090601,  74, 000621
18 12:33, 150101 =>  020901,  74, 000315
18 12:58, 150101 =>  120601,  43, 000000
18 13:23, 040101 =>  170301,  43, 000048
18 13:53, 150101 =>  120101,  50, 000849
18 14:15, 150101 =>  020901,  38, 000568
18 14:37, 040101 =>  080901,  38, 000319
18 14:44, 150101 =>  150801,  12, 000480
18 14:55, 130101 =>  140301,  19, 000082
18 15:19, 040101 =>  081201,  41, 000927
18 15:24, 130101 =>  130201,   9, 000487
18 15:29, 040101 =>  030301,   8, 000740
18 15:35, 150101 =>  190301,  11, 000510
18 16:21, 150101 =>  150701,  78, 000226
18 16:58, 150101 =>  020301,  64, 000847
18 17:01, 150101 =>  100901,   5, 000735
18 17:19, 150101 =>  110401,  31, 000058
18 17:27, 150101 =>  020401,  14, 000629
18 18:16, 150101 =>  120901,  83, 000585
18 18:32, 150101 =>  120501,  28, 000858
18 18:36, 040101 =>  250301,   7, 000445
18 18:48, 040101 =>  030401,  20, 000527
18 18:53, 130101 =>  131101,   9, 000564
18 18:56, 130101 =>  130201,   6, 000092
18 18:59, 130101 =>  060401,   5, 000753
18 19:13, 040101 =>  040301,  23, 000810
18 19:15, 150101 =>  021601,   4, 000994
18 19:22, 040101 =>  050701,  11, 000718
18 19:41, 150101 =>  020101,  34, 000693
18 20:09, 150101 =>  090301,  47, 000893
18 20:18, 150101 =>  150601,  16, 000373
18 20:34, 150101 =>  020501,  28, 000863
18 20:42, 040101 =>  180301,  13, 000489
18 20:44, 040101 =>  230401,   3, 000033
18 20:48, 040101 =>  210801,   7, 000105
18 20:50, 150101 =>  021701,   4, 000165
18 20:52, 040101 =>  210501,   3, 000956
18 20:58, 150101 =>  090401,  11, 000793
18 21:08, 150101 =>  110301,  16, 000507
18 21:13, 150101 =>  150801,   9, 000821
18 21:15, 040101 =>  050301,   3, 000580
18 21:16, 130101 =>  130801,   3, 000308
18 21:19, 150101 =>  090701,   4, 000856
18 21:22, 150101 =>  021801,   6, 000292
18 21:25, 130101 =>  060701,   4, 000871
18 21:26, 150101 =>  110401,   3, 000119
18 21:29, 130101 =>  010201,   4, 000174
18 21:30, 040101 =>  180301,   3, 000922
18 21:33, 040101 =>  230301,   4, 000446
18 21:36, 150101 =>  110501,   5, 000691
19 00:50, 040101 =>  030301,  86, 000153
19 01:17, 150101 =>  100401,  46, 000680
19 01:30, 130101 =>  060901,  23, 000690
19 02:04, 150101 =>  090301,  59, 000333
19 02:14, 040101 =>  040401,  16, 000770
19 02:15, 150101 =>  021601,   3, 000618
19 02:47, 150101 =>  090201,  54, 000592
19 02:52, 040101 =>  081301,   9, 000703
19 03:42, 150101 =>  021601,  86, 000149
19 03:55, 130101 =>  060301,  21, 000053
19 04:28, 150101 =>  021501,  57, 000665
19 05:24, 130101 =>  010601,  97, 000476
19 06:08, 130101 =>  220301,  74, 000597
19 06:25, 130101 =>  220601,  29, 000309
19 06:53, 130101 =>  220101,  49, 000460
19 07:37, 150101 =>  110401,  75, 000945
19 07:49, 040101 =>  030401,  21, 000819
19 08:10, 130101 =>  220101,  35, 000083
19 08:46, 150101 =>  110201,  62, 000949
19 09:11, 040101 =>  050201,  44, 000276
19 09:38, 150101 =>  021401,  46, 000475
19 09:48, 150101 =>  070101,  17, 000975
19 10:07, 040101 =>  030501,  33, 000376
19 10:15, 150101 =>  020501,  13, 000435
19 10:24, 040101 =>  080601,  15, 000840
19 11:12, 150101 =>  101001,  82, 000340
19 11:21, 130101 =>  130601,  17, 000720
19 11:33, 130101 =>  060201,  19, 000417
19 11:36, 040101 =>  080201,   6, 000203
19 12:17, 040101 =>  180101,  71, 000198
19 12:33, 130101 =>  220801,  26, 000758
19 12:45, 040101 =>  050101,  22, 000252
19 13:27, 150101 =>  090201,  72, 000389
19 13:47, 150101 =>  120901,  33, 000635
19 14:10, 040101 =>  081001,  40, 000684
19 14:15, 150101 =>  090601,   9, 000316
19 14:25, 130101 =>  240301,  17, 000054
19 14:30, 130101 =>  220501,   8, 000494
19 15:15, 040101 =>  211101,  78, 000370
19 15:21, 130101 =>  160801,   9, 000566
19 15:54, 040101 =>  080401,  58, 000655
19 15:59, 130101 =>  240301,   7, 000165
19 16:00, 130101 =>  160601,   3, 000300
19 16:08, 040101 =>  211301,  14, 000698
19 16:10, 130101 =>  200701,   3, 000280
19 16:18, 150101 =>  021401,  14, 000507
19 16:39, 040101 =>  080301,  36, 000828
19 17:04, 150101 =>  150801,  43, 000506
19 17:49, 150101 =>  070101,  76, 000689
19 17:51, 130101 =>  220801,   3, 000137
19 18:13, 040101 =>  080801,  38, 000087
19 18:15, 130101 =>  220701,   4, 000841
19 18:28, 040101 =>  040401,  22, 000642
19 18:29, 130101 =>  010601,   2, 000782
20 00:53, 040101 =>  210201,  91, 000883
20 01:21, 150101 =>  090501,  48, 000259
20 01:46, 150101 =>  020201,  43, 000257
20 02:21, 150101 =>  110301,  61, 000767
20 02:42, 040101 =>  180301,  36, 000185
20 03:31, 150101 =>  190101,  84, 000836
20 03:57, 130101 =>  200701,  44, 000533
20 04:48, 150101 =>  020501,  88, 000278
20 05:41, 150101 =>  120901,  91, 000424
20 05:50, 150101 =>  100401,  14, 000673
20 06:11, 040101 =>  180301,  37, 000398
20 06:13, 040101 =>  180101,   4, 000874
20 07:09, 150101 =>  021801,  96, 000745
20 07:29, 130101 =>  200801,  33, 000349
20 08:23, 130101 =>  220601,  93, 000768
20 08:31, 150101 =>  022001,  13, 000486
20 09:25, 040101 =>  080401,  94, 000510
20 09:49, 150101 =>  020401,  41, 000884
20 10:46, 040101 =>  030501,  97, 000538
20 11:01, 130101 =>  130401,  26, 000592
20 11:12, 040101 =>  080601,  19, 000707
20 11:24, 150101 =>  020601,  20, 000242
20 11:57, 150101 =>  022001,  57, 000512
20 12:37, 040101 =>  040701,  69, 000735
20 13:05, 040101 =>  170201,  48, 000488
20 13:24, 150101 =>  150901,  32, 000392
20 13:46, 040101 =>  210101,  37, 000160
20 14:04, 040101 =>  050201,  31, 000828
20 14:37, 150101 =>  020801,  57, 000144
20 14:53, 040101 =>  080101,  28, 000124
20 14:55, 150101 =>  110101,   3, 000924
20 15:43, 150101 =>  110501,  82, 000075
20 15:52, 130101 =>  220801,  15, 000499
20 15:53, 130101 =>  010401,   3, 000551
20 16:15, 150101 =>  020101,  37, 000648
20 16:20, 150101 =>  120801,   8, 000228
20 16:29, 150101 =>  110101,  17, 000014
20 16:36, 150101 =>  190201,  12, 000885
20 16:42, 040101 =>  030301,  10, 000609
20 17:04, 150101 =>  100601,  37, 000663
20 17:18, 150101 =>  100301,  25, 000533
20 17:28, 040101 =>  030401,  17, 000302
20 17:36, 040101 =>  250401,  13, 000090
20 17:46, 150101 =>  021601,  18, 000750
20 17:48, 040101 =>  250401,   3, 000479
20 18:14, 130101 =>  140301,  45, 000642
20 18:44, 130101 =>  060901,  51, 000324
20 18:54, 130101 =>  200601,  16, 000341
20 18:58, 130101 =>  220101,   7, 000953
20 19:18, 150101 =>  120201,  35, 000755
20 19:24, 040101 =>  050401,  11, 000674
20 19:45, 130101 =>  061101,  36, 000254
20 19:50, 040101 =>  080201,   8, 000601
20 19:52, 130101 =>  200101,   4, 000734
20 20:08, 150101 =>  150401,  27, 000068
20 20:13, 150101 =>  100301,   9, 000203
20 20:20, 150101 =>  070101,  11, 000181
20 20:29, 150101 =>  100601,  15, 000284
20 20:32, 040101 =>  080701,   5, 000296
20 20:39, 150101 =>  110101,  12, 000630
20 20:41, 040101 =>  230101,   4, 000281
20 20:44, 150101 =>  021501,   6, 000577
20 20:47, 040101 =>  170101,   4, 000377
20 20:49, 150101 =>  090701,   4, 000080
20 20:53, 150101 =>  070101,   6, 000496
20 20:54, 040101 =>  080301,   2, 000938
21 00:11, 150101 =>  090501,  19, 000828
21 00:12, 130101 =>  160801,   3, 000265
21 01:10, 150101 =>  150701,  99, 000380
21 01:49, 150101 =>  090101,  66, 000123
21 02:34, 040101 =>  050401,  78, 000850
21 03:11, 040101 =>  050501,  64, 000573
21 03:45, 040101 =>  211301,  58, 000148
21 03:46, 150101 =>  021401,   2, 000514
21 04:06, 130101 =>  220401,  33, 000203
21 04:49, 150101 =>  101101,  74, 000206
21 05:09, 150101 =>  090601,  34, 000396
21 05:12, 040101 =>  080901,   6, 000336
21 05:19, 040101 =>  030401,  11, 000063
21 06:11, 130101 =>  010701,  89, 000910
21 06:25, 040101 =>  050901,  25, 000330
21 06:57, 150101 =>  120901,  54, 000167
21 07:18, 040101 =>  081001,  36, 000534
21 07:51, 150101 =>  110501,  58, 000884
21 08:12, 150101 =>  090701,  35, 000887
21 08:57, 150101 =>  110301,  78, 000006
21 09:03, 150101 =>  120601,   9, 000433
21 09:55, 150101 =>  150401,  89, 000363
21 09:57, 040101 =>  230101,   5, 000305
21 10:44, 040101 =>  080401,  80, 000138
21 11:00, 150101 =>  100501,  27, 000127
21 11:31, 040101 =>  211201,  53, 000413
21 11:33, 150101 =>  110401,   3, 000980
21 12:10, 150101 =>  150601,  64, 000292
21 12:13, 150101 =>  100701,   6, 000584
21 12:20, 040101 =>  180301,  12, 000006
21 12:40, 150101 =>  090201,  33, 000873
21 12:59, 150101 =>  020401,  33, 000686
21 13:41, 150101 =>  100101,  72, 000888
21 13:54, 150101 =>  110401,  22, 000710
21 14:21, 040101 =>  180301,  47, 000441
21 14:34, 150101 =>  150401,  22, 000240
21 14:44, 040101 =>  210601,  18, 000622
21 15:21, 150101 =>  110101,  62, 000718
21 15:36, 150101 =>  101101,  27, 000343
21 15:47, 040101 =>  040801,  18, 000627
21 16:10, 150101 =>  090701,  39, 000408
21 16:24, 150101 =>  100101,  25, 000161
21 16:29, 040101 =>  050501,   9, 000304
21 16:39, 150101 =>  110401,  16, 000375
21 16:48, 150101 =>  150401,  16, 000866
21 16:52, 040101 =>  250201,   7, 000489
21 17:18, 040101 =>  210101,  45, 000613
21 17:27, 150101 =>  120301,  14, 000975
21 17:32, 150101 =>  120201,  10, 000348
21 17:50, 130101 =>  221001,  30, 000633
21 18:03, 040101 =>  210801,  22, 000258
21 18:29, 130101 =>  220401,  45, 000496
21 18:41, 040101 =>  040601,  21, 000714
21 18:44, 150101 =>  090201,   4, 000584
21 18:54, 040101 =>  030101,  17, 000702
21 18:58, 150101 =>  020801,   7, 000225
21 19:02, 040101 =>  040601,   7, 000190
21 19:05, 150101 =>  020601,   5, 000041
21 19:06, 040101 =>  050901,   3, 000791
21 19:11, 040101 =>  250201,   8, 000169
21 19:16, 040101 =>  170301,   8, 000684
21 19:17, 040101 =>  080201,   3, 000362
21 19:20, 150101 =>  110201,   4, 000846
21 19:22, 040101 =>  210501,   4, 000613
22 00:28, 040101 =>  040701,  48, 000364
22 01:18, 150101 =>  090701,  87, 000801
22 01:33, 130101 =>  060801,  25, 000609
22 01:45, 150101 =>  021201,  21, 000011
22 02:33, 150101 =>  100901,  82, 000552
22 02:36, 150101 =>  020701,   5, 000133
22 03:28, 040101 =>  230301,  89, 000784
22 04:02, 130101 =>  160101,  59, 000061
22 04:52, 130101 =>  131001,  85, 000472
22 05:15, 150101 =>  100401,  40, 000592
22 06:01, 130101 =>  010301,  78, 000248
22 06:16, 150101 =>  110401,  27, 000570
22 06:43, 040101 =>  180201,  45, 000868
22 06:44, 130101 =>  220201,   3, 000319
22 07:40, 150101 =>  100401,  96, 000345
22 08:21, 150101 =>  150701,  69, 000036
22 08:33, 130101 =>  220701,  21, 000726
22 08:49, 130101 =>  010401,  27, 000870
22 09:04, 150101 =>  120701,  27, 000058
22 09:08, 150101 =>  110501,   6, 000306
22 09:35, 150101 =>  090701,  47, 000911
22 10:13, 150101 =>  020701,  65, 000906
22 11:12, 150101 =>  190301, 100, 000631
22 11:20, 150101 =>  120501,  15, 000153
22 11:42, 130101 =>  140301,  37, 000032
22 11:54, 150101 =>  190101,  20, 000648
22 12:15, 040101 =>  210401,  37, 000531
22 12:51, 040101 =>  050201,  61, 000903
22 12:52, 040101 =>  040201,   3, 000412
22 13:33, 040101 =>  030201,  69, 000683
22 13:54, 130101 =>  220801,  36, 000695
22 14:01, 150101 =>  150801,  12, 000695
22 14:58, 040101 =>  050301,  99, 000469
22 15:06, 130101 =>  240301,  13, 000737
22 16:03, 150101 =>  020601,  97, 000039
22 16:35, 150101 =>  100701,  55, 000499
22 16:53, 150101 =>  190101,  31, 000890
22 17:28, 150101 =>  020301,  61, 000438
22 17:41, 130101 =>  140101,  21, 000776
22 17:55, 150101 =>  120601,  25, 000701
22 18:20, 150101 =>  100401,  43, 000668
22 18:37, 150101 =>  100901,  29, 000116
22 18:55, 040101 =>  050301,  30, 000088
22 19:02, 150101 =>  120501,  13, 000876
22 19:12, 150101 =>  021401,  16, 000936
22 19:34, 040101 =>  050901,  39, 000240
22 19:37, 150101 =>  151001,   4, 000630
22 19:44, 130101 =>  130301,  13, 000066
22 19:51, 150101 =>  090401,  11, 000714
22 19:53, 150101 =>  090501,   4, 000885
22 19:57, 150101 =>  090201,   7, 000634
22 20:04, 130101 =>  160801,  12, 000363
22 20:08, 130101 =>  220301,   7, 000380
22 20:10, 130101 =>  130201,   3, 000846
22 20:12, 130101 =>  240101,   3, 000510
22 20:14, 150101 =>  150901,   4, 000535
22 20:17, 150101 =>  120601,   5, 000790
22 20:19, 130101 =>  060701,   3, 000854
22 20:21, 150101 =>  020501,   4, 000797
23 00:53, 040101 =>  210101,  92, 000656
23 01:13, 040101 =>  050701,  34, 000049
23 01:56, 150101 =>  100701,  73, 000069
23 02:06, 150101 =>  100601,  18, 000856
23 02:22, 150101 =>  090501,  27, 000354
23 02:24, 040101 =>  210301,   4, 000686
23 02:26, 150101 =>  120601,   3, 000248
23 03:18, 150101 =>  150601,  89, 000076
23 03:25, 150101 =>  100301,  13, 000336
23 04:00, 040101 =>  051101,  59, 000243
23 04:16, 040101 =>  180301,  28, 000514
23 04:58, 040101 =>  040801,  71, 000890
23 05:37, 150101 =>  090701,  68, 000001
23 05:39, 150101 =>  120201,   3, 000044
23 06:25, 130101 =>  220501,  79, 000475
23 06:55, 040101 =>  080501,  52, 000972
23 07:28, 130101 =>  010401,  55, 000605
23 08:00, 150101 =>  101101,  55, 000748
23 08:04, 130101 =>  200401,   7, 000500
23 08:51, 130101 =>  130801,  81, 000308
23 09:34, 040101 =>  080401,  73, 000957
23 10:27, 150101 =>  150601,  92, 000500
23 10:46, 130101 =>  220401,  33, 000502
23 11:17, 130101 =>  060401,  52, 000472
23 11:29, 150101 =>  020601,  21, 000087
23 11:59, 040101 =>  080801,  52, 000166
23 12:05, 130101 =>  200201,  10, 000053
23 12:08, 130101 =>  061201,   5, 000243
23 12:17, 040101 =>  230401,  16, 000622
23 12:53, 040101 =>  080901,  61, 000640
23 13:32, 150101 =>  151001,  66, 000821
23 13:54, 130101 =>  061001,  39, 000989
23 14:53, 150101 =>  110101, 100, 000273
23 15:15, 040101 =>  210101,  38, 000209
23 15:59, 150101 =>  120401,  76, 000870
23 16:11, 040101 =>  051101,  20, 000115
23 16:17, 040101 =>  081201,  10, 000703
23 17:03, 150101 =>  090501,  79, 000220
23 17:10, 130101 =>  160301,  13, 000257
23 18:00, 150101 =>  020601,  85, 000202
23 18:02, 040101 =>  250101,   3, 000029
23 18:14, 150101 =>  120301,  21, 000730
23 18:18, 040101 =>  040501,   7, 000814
23 18:40, 150101 =>  020601,  37, 000442
23 18:42, 040101 =>  040301,   5, 000908
23 18:49, 040101 =>  211201,  11, 000980
23 18:54, 150101 =>  150601,   8, 000213
23 18:59, 150101 =>  120401,   9, 000975
23 19:04, 130101 =>  130201,   9, 000839
23 19:08, 130101 =>  130401,   7, 000304
23 19:23, 150101 =>  120901,  25, 000994
23 19:27, 130101 =>  200701,   7, 000003
23 19:36, 150101 =>  020601,  15, 000710
23 19:37, 040101 =>  080501,   3, 000254
23 19:50, 150101 =>  101001,  22, 000127
23 19:52, 150101 =>  021601,   4, 000649
23 19:57, 130101 =>  010401,   7, 000722
23 20:15, 150101 =>  100601,  31, 000662
23 20:27, 150101 =>  100901,  22, 000269
23 20:39, 150101 =>  120401,  19, 000185
23 20:49, 150101 =>  100201,  18, 000608
23 20:58, 130101 =>  140101,  16, 000405
23 21:01, 040101 =>  030701,   4, 000821
23 21:04, 040101 =>  210801,   5, 000405
23 21:09, 040101 =>  040401,   9, 000637
23 21:15, 130101 =>  010401,  10, 000747
23 21:16, 040101 =>  050601,   3, 000681
23 21:22, 150101 =>  110401,  10, 000671
23 21:28, 150101 =>  021501,   9, 000156
23 21:32, 040101 =>  230301,   8, 000556
23 21:35, 040101 =>  040201,   4, 000728
23 21:36, 040101 =>  210201,   3, 000173
23 21:39, 150101 =>  110101,   4, 000358
23 21:41, 150101 =>  100401,   4, 000916
23 21:43, 040101 =>  250301,   3, 000756
23 21:46, 130101 =>  130201,   6, 000968
23 21:48, 130101 =>  220601,   3, 000495
24 00:18, 130101 =>  220901,  33, 000769
24 00:23, 150101 =>  021001,   8, 000224
24 00:56, 040101 =>  080301,  59, 000348
24 01:05, 130101 =>  060301,  16, 000081
24 02:00, 040101 =>  050801,  97, 000479
24 02:02, 040101 =>  040501,   3, 000732
24 02:19, 040101 =>  250301,  30, 000342
24 02:32, 040101 =>  040501,  23, 000941
24 02:48, 150101 =>  020101,  28, 000575
24 03:18, 150101 =>  101101,  53, 000731
24 04:07, 150101 =>  020601,  86, 000820
24 04:45, 150101 =>  020701,  68, 000477
24 05:14, 150101 =>  021701,  51, 000700
24 05:57, 150101 =>  120901,  76, 000130
24 06:28, 130101 =>  200201,  54, 000923
24 07:02, 150101 =>  090301,  60, 000343
24 07:22, 130101 =>  010501,  36, 000236
24 07:52, 130101 =>  200501,  52, 000929
24 08:22, 130101 =>  061001,  54, 000598
24 08:44, 150101 =>  100201,  39, 000177
24 08:51, 150101 =>  150301,  12, 000579
24 09:29, 040101 =>  050201,  67, 000545
24 09:51, 150101 =>  110401,  38, 000533
24 10:24, 130101 =>  060801,  59, 000556
24 10:35, 040101 =>  040501,  19, 000091
24 11:30, 150101 =>  021601,  98, 000400
24 12:25, 150101 =>  120301,  96, 000032
24 12:26, 150101 =>  100901,   3, 000212
24 13:01, 040101 =>  030701,  61, 000333
24 13:30, 040101 =>  050301,  52, 000716
24 13:40, 040101 =>  040601,  17, 000021
24 13:56, 150101 =>  020201,  29, 000616
24 14:15, 040101 =>  030201,  32, 000556
24 14:33, 130101 =>  200501,  32, 000505
24 14:43, 130101 =>  220201,  18, 000450
24 15:28, 150101 =>  110301,  79, 000299
24 15:38, 130101 =>  200301,  18, 000950
24 15:43, 150101 =>  020301,   9, 000018
24 15:45, 150101 =>  021101,   4, 000459
24 16:03, 040101 =>  210501,  31, 000620
24 16:19, 040101 =>  211001,  29, 000214
24 16:29, 040101 =>  050201,  17, 000592
24 16:35, 130101 =>  010701,  11, 000817
24 16:52, 040101 =>  210301,  30, 000490
24 17:32, 150101 =>  020201,  70, 000099
24 18:03, 150101 =>  100701,  55, 000961
24 18:09, 130101 =>  220101,  11, 000553
24 18:13, 150101 =>  110501,   6, 000997
24 18:28, 040101 =>  230401,  28, 000202
24 18:33, 150101 =>  020301,   8, 000262
24 18:35, 130101 =>  160601,   4, 000218
24 18:51, 150101 =>  020601,  28, 000765
24 18:53, 040101 =>  050601,   3, 000720
24 19:00, 150101 =>  120501,  12, 000025
24 19:06, 040101 =>  081101,  11, 000637
24 19:17, 040101 =>  030101,  19, 000833
24 19:27, 130101 =>  060201,  19, 000825
24 19:39, 150101 =>  020701,  20, 000654
24 19:47, 130101 =>  160301,  14, 000664
24 19:56, 150101 =>  020801,  16, 000113
24 20:00, 130101 =>  131101,   7, 000912
24 20:10, 040101 =>  180301,  19, 000491
24 20:14, 040101 =>  081201,   7, 000026
24 20:17, 130101 =>  160201,   4, 000604
24 20:21, 040101 =>  170201,   8, 000118
24 20:23, 040101 =>  040301,   3, 000289
24 20:25, 130101 =>  130501,   4, 000544
24 20:27, 040101 =>  040701,   4, 000104
24 20:30, 130101 =>  010301,   4, 000321
24 20:31, 040101 =>  210201,   3, 000970
24 20:47, 150101 =>  020301,  28, 000814
24 20:55, 150101 =>  120701,  13, 000107
24 21:04, 150101 =>  100101,  16, 000988
24 21:07, 040101 =>  080801,   5, 000686
24 21:13, 150101 =>  020101,  11, 000832
24 21:15, 040101 =>  050301,   4, 000435
24 21:17, 130101 =>  130801,   4, 000005
24 21:18, 130101 =>  010601,   2, 000546
24 21:20, 040101 =>  050901,   3, 000395
24 21:25, 150101 =>  120201,   8, 000498
25 00:38, 150101 =>  120501,  68, 000928
25 01:05, 150101 =>  021301,  47, 000402
25 01:05, 040101 =>  030301,   1, 000505
25 01:39, 040101 =>  030701,  59, 000546
25 01:56, 040101 =>  081201,  30, 000024
25 02:19, 150101 =>  020401,  41, 000427
25 02:36, 040101 =>  210401,  31, 000620
25 03:20, 040101 =>  080501,  77, 000176
25 03:33, 130101 =>  200201,  23, 000051
25 03:34, 040101 =>  080401,   1, 000101
25 04:17, 130101 =>  060501,  76, 000457
25 04:21, 150101 =>  100101,   8, 000151
25 04:48, 040101 =>  030401,  47, 000909
25 05:25, 150101 =>  100701,  66, 000980
25 05:57, 150101 =>  090301,  55, 000297
25 06:40, 150101 =>  190301,  76, 000026
25 06:50, 040101 =>  250101,  18, 000352
25 07:00, 040101 =>  211301,  18, 000927
25 07:50, 040101 =>  080701,  89, 000603
25 07:53, 150101 =>  120201,   5, 000891
25 08:10, 150101 =>  020301,  30, 000345
25 08:16, 040101 =>  030601,  10, 000377
25 09:08, 150101 =>  150601,  92, 000061
25 09:54, 130101 =>  220601,  81, 000894
25 10:25, 130101 =>  240201,  55, 000417
25 10:27, 040101 =>  210201,   4, 000876
25 10:35, 040101 =>  030301,  14, 000656
25 11:02, 130101 =>  130201,  47, 000447
25 11:24, 130101 =>  220401,  39, 000928
25 11:44, 130101 =>  130601,  35, 000236
25 12:15, 150101 =>  190301,  55, 000643
25 12:37, 150101 =>  070101,  38, 000857
25 13:02, 040101 =>  170201,  44, 000482
25 13:22, 040101 =>  030601,  37, 000171
25 13:38, 040101 =>  040501,  28, 000299
25 13:55, 150101 =>  021001,  29, 000712
25 14:08, 150101 =>  120801,  23, 000889
25 14:21, 150101 =>  070101,  23, 000832
25 15:07, 150101 =>  120901,  82, 000346
25 15:32, 040101 =>  230401,  44, 000259
25 15:46, 130101 =>  220901,  25, 000970
25 16:23, 150101 =>  090201,  64, 000697
25 17:05, 150101 =>  120801,  74, 000498
25 17:24, 150101 =>  110301,  35, 000242
25 17:38, 130101 =>  131101,  24, 000221
25 17:49, 150101 =>  120801,  19, 000330
25 18:00, 150101 =>  150601,  20, 000507
25 18:06, 040101 =>  040201,  10, 000134
25 18:09, 150101 =>  020301,   6, 000532
25 18:28, 150101 =>  020101,  34, 000190
25 18:53, 150101 =>  020401,  43, 000507
25 19:10, 040101 =>  081201,  31, 000510
25 19:17, 040101 =>  040801,  11, 000644
25 19:25, 040101 =>  050101,  15, 000516
25 19:40, 150101 =>  021801,  27, 000453
25 19:48, 150101 =>  021101,  13, 000580
25 19:50, 150101 =>  120801,   3, 000386
25 19:57, 150101 =>  120901,  14, 000363
25 20:07, 150101 =>  020201,  17, 000218
25 20:14, 150101 =>  150401,  13, 000357
25 20:18, 150101 =>  110401,   6, 000548
25 20:29, 040101 =>  210301,  19, 000676
25 20:36, 040101 =>  040801,  13, 000507
25 20:38, 150101 =>  110401,   4, 000431
25 20:40, 150101 =>  120801,   3, 000398
25 20:43, 150101 =>  120501,   6, 000831
25 20:46, 150101 =>  151001,   4, 000296
25 20:47, 040101 =>  210301,   3, 000354
25 20:51, 040101 =>  040501,   6, 000466
26 00:27, 150101 =>  101001,  48, 000454
26 01:22, 150101 =>  150301,  97, 000464
26 02:16, 130101 =>  160201,  96, 000610
26 03:13, 150101 =>  120501, 100, 000983
26 03:37, 130101 =>  200201,  43, 000047
26 04:20, 150101 =>  021701,  75, 000031
26 04:36, 040101 =>  040801,  29, 000055
26 05:29, 150101 =>  190201,  94, 000127
26 06:06, 130101 =>  220601,  64, 000294
26 06:32, 150101 =>  100601,  46, 000461
26 07:06, 130101 =>  061101,  61, 000523
26 07:16, 040101 =>  250401,  17, 000603
26 07:46, 040101 =>  030401,  53, 000558
26 08:01, 040101 =>  250301,  27, 000745
26 08:33, 040101 =>  030701,  57, 000958
26 08:52, 040101 =>  210401,  32, 000741
26 09:44, 150101 =>  090401,  93, 000765
26 10:10, 150101 =>  020501,  45, 000462
26 10:34, 150101 =>  070101,  42, 000667
26 10:55, 150101 =>  090101,  38, 000377
26 11:10, 130101 =>  060601,  27, 000724
26 11:22, 040101 =>  250101,  20, 000606
26 11:31, 130101 =>  160501,  17, 000229
26 11:48, 150101 =>  100201,  29, 000407
26 11:55, 130101 =>  220601,  12, 000714
26 12:17, 040101 =>  081101,  39, 000092
26 12:24, 150101 =>  110501,  12, 000508
26 12:30, 130101 =>  200601,  11, 000412
26 13:20, 150101 =>  110101,  88, 000749
26 13:47, 040101 =>  080101,  48, 000966
26 14:06, 150101 =>  021701,  34, 000845
26 15:00, 150101 =>  090401,  95, 000028
26 15:02, 130101 =>  160101,   4, 000264
26 15:25, 130101 =>  130901,  40, 000154
26 15:27, 150101 =>  090401,   4, 000636
26 15:33, 150101 =>  120701,  11, 000619
26 15:42, 150101 =>  090501,  15, 000850
26 15:52, 150101 =>  110401,  17, 000807
26 16:38, 040101 =>  050201,  82, 000499
26 16:42, 130101 =>  160501,   7, 000443
26 17:07, 150101 =>  120201,  45, 000409
26 17:20, 130101 =>  010401,  22, 000428
26 17:39, 150101 =>  020701,  34, 000468
26 18:26, 040101 =>  080701,  83, 000819
26 18:30, 130101 =>  220801,   6, 000884
26 18:40, 150101 =>  100101,  18, 000332
26 18:43, 150101 =>  021301,   6, 000062
26 18:56, 150101 =>  100601,  22, 000908
26 19:03, 150101 =>  110501,  13, 000427
26 19:10, 130101 =>  130401,  13, 000853
26 19:17, 150101 =>  020801,  11, 000585
26 19:21, 150101 =>  101101,   8, 000705
26 19:23, 150101 =>  101001,   4, 000603
26 19:27, 130101 =>  010601,   7, 000211
26 19:30, 150101 =>  190301,   4, 000343
26 19:56, 040101 =>  210301,  46, 000838
26 20:01, 130101 =>  200601,   9, 000315
26 20:18, 040101 =>  030401,  31, 000341
26 20:30, 040101 =>  230301,  21, 000999
26 20:34, 130101 =>  140201,   7, 000365
26 20:37, 130101 =>  160601,   5, 000479
26 20:40, 130101 =>  160801,   5, 000782
26 20:41, 150101 =>  150301,   2, 000868
26 20:43, 130101 =>  060601,   3, 000531
26 20:50, 040101 =>  030201,  12, 000602
27 00:48, 150101 =>  100101,  86, 000670
27 01:28, 040101 =>  040201,  70, 000157
27 02:10, 150101 =>  100501,  75, 000760
27 02:26, 150101 =>  021401,  28, 000975
27 03:16, 150101 =>  020401,  88, 000408
27 03:20, 150101 =>  090501,   6, 000358
27 03:53, 150101 =>  120301,  59, 000393
27 04:17, 150101 =>  120101,  43, 000507
27 04:36, 150101 =>  020701,  33, 000202
27 04:50, 150101 =>  110101,  24, 000581
27 05:00, 150101 =>  020801,  19, 000233
27 05:27, 150101 =>  150501,  47, 000302
27 06:15, 040101 =>  170101,  84, 000398
27 06:26, 150101 =>  120101,  20, 000703
27 06:35, 040101 =>  050201,  16, 000825
27 06:56, 130101 =>  160701,  37, 000110
27 07:41, 150101 =>  090101,  80, 000913
27 07:54, 150101 =>  150401,  23, 000264
27 08:36, 150101 =>  090601,  73, 000539
27 09:10, 150101 =>  021001,  61, 000222
27 09:56, 150101 =>  022001,  80, 000630
27 10:21, 040101 =>  081001,  44, 000453
27 10:47, 040101 =>  040501,  46, 000876
27 11:20, 150101 =>  110201,  58, 000164
27 11:41, 150101 =>  090501,  38, 000299
27 12:22, 040101 =>  080501,  73, 000973
27 12:30, 150101 =>  090201,  13, 000776
27 13:06, 130101 =>  200201,  64, 000014
27 13:29, 150101 =>  100501,  40, 000047
27 13:35, 040101 =>  080901,  11, 000397
27 14:05, 040101 =>  081101,  53, 000213
27 14:09, 130101 =>  140101,   7, 000063
27 14:19, 150101 =>  021201,  17, 000268
27 14:23, 150101 =>  020401,   8, 000216
27 14:42, 150101 =>  070101,  34, 000690
27 14:54, 150101 =>  150801,  21, 000443
27 15:03, 150101 =>  110501,  15, 000759
27 15:23, 040101 =>  211201,  35, 000818
27 15:28, 150101 =>  021801,  10, 000945
27 16:03, 040101 =>  080501,  62, 000516
27 16:43, 130101 =>  060801,  69, 000854
27 16:48, 040101 =>  211301,  10, 000640
27 16:57, 040101 =>  081201,  16, 000422
27 17:11, 040101 =>  030101,  25, 000883
27 17:18, 150101 =>  110401,  11, 000005
27 17:24, 150101 =>  120401,  12, 000216
27 17:32, 130101 =>  060601,  13, 000586
27 17:34, 150101 =>  110201,   4, 000782
27 17:53, 130101 =>  130701,  33, 000727
27 18:25, 130101 =>  010501,  57, 000809
27 18:51, 130101 =>  010601,  46, 000853
27 18:56, 150101 =>  020101,   9, 000427
27 18:59, 150101 =>  120301,   5, 000317
27 19:06, 130101 =>  140201,  12, 000196
27 19:17, 130101 =>  160601,  19, 000688
27 19:28, 040101 =>  030701,  20, 000175
27 19:30, 150101 =>  150401,   4, 000028
27 19:33, 150101 =>  151001,   4, 000683
28 00:19, 150101 =>  020601,  35, 000165
28 01:01, 150101 =>  150201,  74, 000494
28 01:55, 040101 =>  211201,  95, 000526
28 02:27, 040101 =>  211301,  57, 000679
28 02:59, 150101 =>  110501,  56, 000500
28 03:55, 150101 =>  090501,  98, 000993
28 04:36, 040101 =>  210201,  73, 000544
28 04:49, 130101 =>  010401,  23, 000354
28 05:03, 150101 =>  021901,  24, 000352
28 05:21, 040101 =>  040601,  32, 000533
28 05:26, 150101 =>  110501,   9, 000267
28 05:45, 040101 =>  030601,  33, 000563
28 06:33, 150101 =>  020801,  85, 000643
28 06:57, 130101 =>  220901,  43, 000477
28 07:54, 150101 =>  120301, 100, 000230
28 08:24, 150101 =>  020301,  53, 000220
28 09:06, 150101 =>  100401,  74, 000014
28 09:36, 130101 =>  061001,  53, 000086
28 09:45, 040101 =>  211101,  17, 000314
28 10:12, 150101 =>  110101,  47, 000367
28 11:00, 130101 =>  220901,  85, 000506
28 11:30, 150101 =>  120401,  52, 000304
28 11:48, 040101 =>  080101,  33, 000307
28 12:09, 040101 =>  180201,  37, 000706
28 12:39, 130101 =>  130601,  53, 000951
28 12:51, 150101 =>  100101,  20, 000769
28 13:11, 130101 =>  010101,  36, 000204
28 13:58, 040101 =>  081001,  82, 000183
28 14:00, 040101 =>  170101,   5, 000623
28 14:41, 150101 =>  090401,  71, 000372
28 15:12, 040101 =>  040501,  55, 000468
28 15:35, 150101 =>  150901,  40, 000422
28 15:43, 150101 =>  090501,  15, 000884
28 16:06, 150101 =>  090101,  41, 000395
28 16:27, 150101 =>  101001,  37, 000774
28 17:02, 150101 =>  100901,  61, 000762
28 17:03, 040101 =>  080501,   3, 000028
28 17:15, 040101 =>  250301,  21, 000897
28 17:22, 150101 =>  090401,  11, 000711
28 17:41, 150101 =>  100601,  35, 000544
28 17:46, 040101 =>  170301,   8, 000734
28 17:50, 040101 =>  230101,   7, 000136
28 17:53, 130101 =>  010501,   6, 000118
28 18:22, 130101 =>  010301,  51, 000540
28 18:32, 040101 =>  211001,  18, 000009
28 18:41, 150101 =>  021501,  15, 000034
28 18:48, 130101 =>  200801,  12, 000868
28 18:56, 130101 =>  060101,  14, 000886
28 19:03, 130101 =>  010601,  13, 000038
28 19:05, 150101 =>  090501,   4, 000055
28 19:09, 150101 =>  100501,   6, 000884
28 19:10, 040101 =>  211201,   3, 000256
28 19:16, 150101 =>  100601,  10, 000202
28 19:23, 130101 =>  160101,  12, 000527
28 19:32, 130101 =>  240101,  16, 000208
28 19:36, 130101 =>  160501,   8, 000954
28 19:50, 150101 =>  090601,  23, 000871
28 19:51, 150101 =>  021701,   3, 000433
28 19:57, 150101 =>  151001,  11, 000568
28 20:03, 150101 =>  021501,   9, 000750
28 20:09, 150101 =>  020301,  12, 000367
28 20:24, 040101 =>  170201,  25, 000240
28 20:26, 150101 =>  021801,   4, 000512
28 20:31, 040101 =>  230401,   9, 000269
28 20:33, 150101 =>  120301,   4, 000944
28 20:38, 150101 =>  120801,   8, 000937
28 20:40, 130101 =>  220801,   4, 000373
28 20:44, 150101 =>  120901,   7, 000248
28 20:46, 150101 =>  110401,   3, 000084
28 20:47, 150101 =>  020301,   3, 000840
28 20:55, 130101 =>  060201,  13, 000795
28 20:59, 040101 =>  040801,   7, 000000
29 00:02, 150101 =>  020301,   5, 000065
29 00:11, 150101 =>  150701,  16, 000023
29 00:38, 040101 =>  170201,  47, 000842
29 01:32, 130101 =>  130701,  95, 000164
29 01:50, 150101 =>  021901,  32, 000698
29 02:34, 040101 =>  211101,  78, 000711
29 03:13, 130101 =>  220201,  69, 000950
29 03:42, 040101 =>  170101,  50, 000542
29 04:13, 040101 =>  210801,  56, 000512
29 05:03, 150101 =>  021501,  88, 000859
29 05:41, 040101 =>  030401,  67, 000156
29 06:17, 150101 =>  090501,  64, 000120
29 06:35, 150101 =>  101001,  31, 000395
29 07:18, 130101 =>  130801,  76, 000237
29 07:48, 130101 =>  130701,  53, 000526
29 08:23, 150101 =>  100601,  61, 000063
29 08:30, 130101 =>  060801,  12, 000083
29 08:47, 150101 =>  120501,  31, 000110
29 08:56, 130101 =>  160801,  15, 000455
29 09:32, 040101 =>  040301,  64, 000113
29 09:52, 130101 =>  131201,  35, 000374
29 10:01, 150101 =>  021301,  16, 000347
29 10:27, 040101 =>  050201,  46, 000228
29 10:30, 150101 =>  020101,   6, 000169
29 11:25, 150101 =>  110501,  97, 000743
29 11:57, 150101 =>  022001,  57, 000006
29 12:16, 130101 =>  220301,  33, 000541
29 12:20, 150101 =>  090201,   7, 000296
29 13:17, 150101 =>  110401, 100, 000231
29 13:28, 130101 =>  131001,  20, 000414
29 13:34, 040101 =>  040401,  11, 000407
29 13:42, 130101 =>  061101,  14, 000128
29 13:47, 130101 =>  130901,   8, 000706
29 14:02, 150101 =>  120101,  26, 000831
29 14:17, 150101 =>  021801,  28, 000319
29 14:23, 150101 =>  190101,  10, 000891
29 14:37, 040101 =>  051101,  25, 000057
29 15:27, 150101 =>  021201,  87, 000356
29 15:53, 150101 =>  150801,  46, 000349
29 16:43, 150101 =>  110401,  88, 000165
29 17:27, 150101 =>  020101,  79, 000031
29 17:56, 150101 =>  100301,  51, 000579
29 18:08, 150101 =>  090501,  20, 000119
29 18:20, 150101 =>  120101,  22, 000736
29 18:27, 150101 =>  110501,  12, 000927
29 18:40, 150101 =>  150901,  24, 000156
29 18:48, 150101 =>  021101,  13, 000281
29 19:21, 040101 =>  230101,  59, 000832
29 19:27, 150101 =>  150601,  11, 000194
29 19:32, 130101 =>  160101,   8, 000000
29 19:34, 040101 =>  030401,   4, 000171
29 19:42, 150101 =>  120301,  13, 000298
29 19:44, 150101 =>  090101,   4, 000720
29 20:08, 040101 =>  080601,  43, 000742
29 20:11, 150101 =>  020901,   5, 000438
29 20:37, 040101 =>  210401,  46, 000682
29 20:39, 040101 =>  080401,   3, 000562
29 20:42, 150101 =>  120701,   5, 000830
29 20:45, 150101 =>  100701,   6, 000144
29 20:47, 150101 =>  090201,   3, 000420
29 20:52, 130101 =>  061301,  10, 000127
30 00:22, 130101 =>  131101,  41, 000516
30 00:53, 130101 =>  220401,  56, 000844
30 00:53, 150101 =>  110201,   1, 000613
30 01:12, 130101 =>  130401,  34, 000582
30 01:54, 150101 =>  100801,  77, 000960
30 02:36, 150101 =>  021101,  75, 000796
30 02:58, 150101 =>  021301,  40, 000755
30 03:31, 150101 =>  150901,  60, 000153
30 04:06, 130101 =>  060801,  64, 000630
30 04:11, 150101 =>  090201,   9, 000455
30 04:46, 150101 =>  120101,  63, 000496
30 04:56, 040101 =>  040701,  19, 000560
30 05:20, 130101 =>  130901,  44, 000712
30 06:01, 040101 =>  051001,  75, 000416
30 06:50, 040101 =>  210301,  88, 000115
30 06:50, 040101 =>  050101,   1, 000936
30 07:35, 150101 =>  020301,  81, 000280
30 07:41, 150101 =>  090201,  11, 000505
30 07:48, 150101 =>  090701,  12, 000682
30 08:09, 150101 =>  120601,  39, 000246
30 08:34, 130101 =>  010201,  46, 000980
30 09:00, 130101 =>  130701,  47, 000662
30 09:09, 040101 =>  080901,  16, 000276
30 09:52, 040101 =>  040801,  79, 000806
30 10:20, 150101 =>  110401,  51, 000992
30 10:52, 150101 =>  100601,  58, 000379
30 11:13, 130101 =>  061001,  37, 000053
30 12:06, 150101 =>  090301,  96, 000639
30 12:41, 040101 =>  210301,  65, 000775
30 12:56, 130101 =>  200401,  27, 000495
30 12:59, 130101 =>  220301,   6, 000593
30 13:18, 150101 =>  190201,  33, 000008
30 13:30, 150101 =>  090201,  23, 000281
30 14:19, 150101 =>  090601,  88, 000127
30 15:07, 150101 =>  021201,  88, 000697
30 15:17, 130101 =>  130301,  19, 000475
30 15:31, 150101 =>  150201,  24, 000412
30 16:09, 040101 =>  211001,  70, 000315
30 16:32, 150101 =>  110301,  42, 000194
30 16:47, 040101 =>  211301,  27, 000249
30 16:52, 150101 =>  120201,   8, 000721
30 17:00, 150101 =>  120201,  16, 000638
30 17:29, 150101 =>  120601,  52, 000911
30 17:34, 130101 =>  200201,  10, 000811
30 17:40, 130101 =>  160301,  10, 000166
30 17:44, 040101 =>  250101,   7, 000591
30 18:18, 040101 =>  210901,  62, 000756
30 18:23, 150101 =>  100201,   9, 000790
30 18:35, 040101 =>  080701,  23, 000106
30 18:55, 040101 =>  051101,  35, 000418
30 19:13, 040101 =>  080201,  33, 000282
30 19:20, 150101 =>  150701,  13, 000492
30 19:30, 040101 =>  080901,  18, 000464
30 19:40, 150101 =>  150201,  19, 000647
30 19:47, 150101 =>  021001,  12, 000562
30 19:58, 150101 =>  021301,  20, 000776
30 20:06, 150101 =>  110501,  15, 000467
30 20:09, 130101 =>  220101,   5, 000086
30 20:17, 040101 =>  210701,  14, 000782
30 20:24, 150101 =>  110401,  13, 000258
30 20:26, 040101 =>  170201,   4, 000638
30 20:28, 040101 =>  040201,   4, 000810
30 20:32, 130101 =>  140201,   7, 000742
30 20:35, 130101 =>  200501,   6, 000869
30 20:38, 150101 =>  021301,   4, 000930
30 20:46, 040101 =>  210601,  16, 000598
30 20:50, 150101 =>  101001,   7, 000983
30 20:57, 040101 =>  180301,  13, 000085
30 20:59, 150101 =>  150601,   3, 000019
30 21:01, 150101 =>  021101,   4, 000252
30 21:06, 040101 =>  050401,   8, 000653
30 21:07, 150101 =>  100101,   2, 000633
