01 00:11, 150101 =>  090501,  35, 000627
01 00:29, 130101 =>  010301,  52, 000603
01 00:39, 040101 =>  250201,  32, 000567
01 00:52, 040101 =>  050601,  37, 000101
01 01:23, 150101 =>  120801,  94, 000945
01 01:33, 130101 =>  130601,  29, 000243
01 01:39, 130101 =>  130201,  19, 000078
01 01:59, 040101 =>  250201,  60, 000171
01 02:00, 040101 =>  080701,   2, 000074
01 02:28, 040101 =>  180101,  84, 000188
01 02:45, 130101 =>  220501,  52, 000834
01 03:06, 040101 =>  030401,  62, 000077
01 03:08, 150101 =>  100301,   8, 000102
01 03:25, 150101 =>  020601,  51, 000324
01 03:32, 150101 =>  090301,  21, 000188
01 03:39, 040101 =>  211301,  20, 000051
01 03:59, 040101 =>  080201,  61, 000639
01 04:19, 150101 =>  090501,  59, 000200
01 04:25, 040101 =>  040301,  17, 000336
01 04:47, 150101 =>  120701,  68, 000441
01 05:05, 040101 =>  050901,  52, 000882
01 05:26, 150101 =>  101101,  64, 000513
01 05:28, 150101 =>  021501,   6, 000838
01 05:34, 130101 =>  060701,  19, 000607
01 05:37, 040101 =>  180101,   9, 000899
01 06:02, 040101 =>  040801,  75, 000147
01 06:16, 130101 =>  010401,  42, 000460
01 06:45, 150101 =>  100801,  86, 000214
01 07:01, 150101 =>  120601,  47, 000200
01 07:24, 150101 =>  150401,  70, 000159
01 07:42, 150101 =>  100501,  53, 000971
01 07:57, 130101 =>  200101,  47, 000166
01 08:26, 040101 =>  170301,  87, 000275
01 08:50, 150101 =>  090501,  71, 000231
01 08:54, 130101 =>  060901,  13, 000226
01 08:57, 040101 =>  050501,   7, 000078
01 09:08, 150101 =>  021301,  34, 000530
01 09:31, 040101 =>  080901,  70, 000013
01 09:42, 150101 =>  100701,  33, 000409
01 09:54, 130101 =>  220801,  36, 000181
01 09:56, 130101 =>  061101,   4, 000581
01 10:13, 130101 =>  010301,  51, 000934
01 10:26, 040101 =>  040301,  39, 000354
01 10:46, 150101 =>  020901,  61, 000497
01 10:47, 150101 =>  100501,   3, 000795
01 11:07, 150101 =>  090501,  60, 000617
01 11:19, 040101 =>  230301,  35, 000428
01 11:43, 150101 =>  100301,  74, 000941
01 12:01, 150101 =>  120501,  52, 000180
01 12:30, 130101 =>  131101,  87, 000413
01 12:41, 040101 =>  051101,  33, 000605
01 13:04, 150101 =>  100201,  69, 000114
01 13:33, 130101 =>  131101,  88, 000556
01 14:03, 040101 =>  050201,  91, 000866
01 14:24, 150101 =>  110501,  61, 000126
01 14:34, 150101 =>  070101,  32, 000709
01 15:07, 150101 =>  100601,  99, 000310
01 15:16, 040101 =>  250401,  27, 000324
01 15:18, 130101 =>  220901,   5, 000110
01 15:39, 150101 =>  110501,  63, 000729
01 15:54, 040101 =>  040301,  46, 000445
01 15:58, 150101 =>  101001,  11, 000226
01 16:29, 150101 =>  150401,  94, 000993
01 16:48, 130101 =>  130601,  55, 000193
01 17:01, 150101 =>  150201,  40, 000199
01 17:18, 040101 =>  051101,  51, 000407
01 17:22, 150101 =>  021101,  11, 000467
01 17:29, 040101 =>  210301,  22, 000676
01 17:38, 150101 =>  101101,  26, 000922
01 17:53, 130101 =>  130301,  47, 000708
01 17:57, 130101 =>  200701,  11, 000817
01 18:01, 040101 =>  180301,  11, 000704
01 18:02, 040101 =>  211001,   4, 000804
01 18:07, 130101 =>  160801,  14, 000651
01 18:19, 040101 =>  080301,  37, 000962
01 18:46, 150101 =>  090301,  82, 000183
01 18:57, 130101 =>  010701,  31, 000228
01 19:06, 040101 =>  210901,  28, 000229
01 19:07, 040101 =>  180301,   3, 000097
01 19:13, 040101 =>  030501,  18, 000111
01 19:27, 150101 =>  090401,  41, 000347
01 19:49, 150101 =>  151001,  68, 000810
01 19:57, 150101 =>  150901,  24, 000674
01 19:58, 130101 =>  010601,   3, 000970
01 20:12, 150101 =>  020501,  40, 000044
01 20:19, 130101 =>  060301,  21, 000798
01 20:22, 040101 =>  210201,  10, 000626
01 20:24, 130101 =>  131201,   5, 000123
01 20:25, 130101 =>  160701,   3, 000873
01 20:34, 150101 =>  120401,  28, 000640
01 20:37, 150101 =>  021701,   8, 000842
01 20:43, 150101 =>  110101,  18, 000671
01 20:46, 040101 =>  210701,   9, 000566
01 20:51, 150101 =>  021001,  17, 000126
01 20:57, 150101 =>  090101,  16, 000838
01 20:59, 040101 =>  050701,   6, 000065
01 21:00, 040101 =>  210501,   5, 000969
01 21:02, 150101 =>  151001,   6, 000919
01 21:04, 130101 =>  220101,   4, 000111
01 21:05, 040101 =>  250201,   4, 000459
01 21:08, 150101 =>  022001,   9, 000552
01 21:11, 150101 =>  021401,   8, 000605
01 21:12, 040101 =>  050801,   3, 000702
01 21:13, 150101 =>  150501,   4, 000905
01 21:14, 150101 =>  120901,   4, 000865
02 00:30, 040101 =>  250101,  90, 000556
02 00:37, 150101 =>  120701,  23, 000845
02 00:47, 130101 =>  130901,  28, 000089
02 01:02, 130101 =>  140201,  47, 000859
02 01:19, 150101 =>  120301,  49, 000043
02 01:30, 150101 =>  020101,  33, 000832
02 01:40, 150101 =>  150901,  32, 000928
02 02:04, 040101 =>  080201,  70, 000119
02 02:28, 150101 =>  100601,  72, 000052
02 02:31, 130101 =>  060101,  11, 000488
02 02:39, 040101 =>  080501,  24, 000082
02 02:57, 150101 =>  190101,  53, 000900
02 03:21, 150101 =>  021901,  73, 000064
02 03:23, 150101 =>  100201,   6, 000429
02 03:27, 040101 =>  170301,  10, 000978
02 03:43, 150101 =>  190101,  49, 000101
02 04:11, 150101 =>  120901,  85, 000783
02 04:36, 040101 =>  211001,  74, 000190
02 04:49, 150101 =>  151001,  40, 000849
02 05:03, 150101 =>  090401,  41, 000608
02 05:19, 130101 =>  061101,  47, 000937
02 05:37, 130101 =>  220101,  54, 000426
02 06:01, 150101 =>  021901,  74, 000188
02 06:17, 150101 =>  090101,  46, 000240
02 06:49, 150101 =>  120701,  96, 000468
02 07:14, 040101 =>  210101,  77, 000976
02 07:19, 040101 =>  210701,  14, 000325
02 07:30, 040101 =>  250101,  32, 000479
02 07:33, 150101 =>  101101,  11, 000182
02 08:01, 150101 =>  020601,  82, 000137
02 08:27, 150101 =>  020101,  79, 000019
02 08:51, 040101 =>  030501,  71, 000400
02 08:52, 150101 =>  021601,   5, 000392
02 08:55, 150101 =>  021601,   9, 000978
02 09:24, 150101 =>  090701,  85, 000060
02 09:26, 040101 =>  230201,   8, 000515
02 09:53, 150101 =>  120401,  81, 000163
02 09:59, 150101 =>  021601,  16, 000320
02 10:05, 150101 =>  090501,  18, 000570
02 10:15, 150101 =>  090301,  32, 000637
02 10:34, 130101 =>  200801,  55, 000872
02 10:39, 130101 =>  131001,  15, 000517
02 10:42, 150101 =>  150801,  11, 000667
02 10:44, 040101 =>  080201,   4, 000430
02 11:12, 130101 =>  060301,  84, 000338
02 11:14, 130101 =>  060701,   6, 000129
02 11:21, 130101 =>  010301,  22, 000323
02 11:37, 150101 =>  110401,  47, 000289
02 12:10, 040101 =>  180101,  99, 000503
02 12:23, 040101 =>  180101,  40, 000381
02 12:32, 150101 =>  110501,  28, 000768
02 12:54, 150101 =>  020401,  65, 000612
02 13:11, 150101 =>  150201,  52, 000841
02 13:17, 150101 =>  020301,  17, 000470
02 13:34, 040101 =>  080401,  52, 000643
02 13:54, 150101 =>  021801,  59, 000767
02 14:15, 150101 =>  150901,  64, 000099
02 14:23, 130101 =>  221001,  23, 000828
02 14:41, 040101 =>  211301,  53, 000938
02 15:04, 150101 =>  020301,  69, 000264
02 15:15, 040101 =>  080901,  34, 000388
02 15:32, 040101 =>  080701,  52, 000071
02 15:39, 150101 =>  070101,  19, 000787
02 15:43, 130101 =>  061201,  13, 000164
02 15:55, 150101 =>  021001,  36, 000789
02 16:14, 150101 =>  090101,  57, 000207
02 16:41, 040101 =>  210601,  80, 000638
02 16:43, 150101 =>  020701,   6, 000117
02 17:07, 040101 =>  030301,  73, 000703
02 17:27, 150101 =>  022001,  60, 000004
02 17:41, 150101 =>  190301,  41, 000564
02 17:46, 150101 =>  020501,  16, 000483
02 17:50, 150101 =>  020701,  13, 000899
02 17:52, 150101 =>  100501,   6, 000165
02 17:57, 150101 =>  022001,  13, 000509
02 18:01, 150101 =>  151001,  12, 000546
02 18:05, 130101 =>  240301,  13, 000961
02 18:08, 150101 =>  150201,  10, 000302
02 18:11, 150101 =>  090601,   9, 000702
02 18:15, 150101 =>  150801,  10, 000387
02 18:22, 040101 =>  170301,  23, 000382
02 18:36, 040101 =>  170101,  42, 000633
02 19:05, 130101 =>  200301,  87, 000448
02 19:07, 040101 =>  050601,   6, 000117
02 19:15, 040101 =>  040501,  23, 000030
02 19:21, 040101 =>  210601,  19, 000073
02 19:23, 040101 =>  180201,   6, 000939
02 19:45, 130101 =>  200101,  65, 000832
02 19:47, 130101 =>  220901,   5, 000321
02 19:49, 150101 =>  110401,   6, 000334
02 19:54, 040101 =>  180301,  16, 000018
02 20:01, 040101 =>  030601,  22, 000036
02 20:06, 040101 =>  080501,  15, 000588
02 20:09, 130101 =>  061201,   9, 000706
02 20:12, 150101 =>  120601,   8, 000441
02 20:14, 150101 =>  120401,   6, 000229
02 20:15, 150101 =>  100201,   4, 000071
02 20:16, 150101 =>  100801,   1, 000869
02 20:17, 040101 =>  080401,   4, 000000
02 20:19, 040101 =>  050301,   5, 000639
02 20:21, 040101 =>  080401,   8, 000283
03 00:07, 150101 =>  190301,  21, 000310
03 00:13, 130101 =>  010601,  20, 000357
03 00:35, 040101 =>  250301,  66, 000342
03 00:59, 130101 =>  220201,  72, 000887
03 01:06, 130101 =>  131101,  21, 000396
03 01:38, 150101 =>  150601,  96, 000385
03 02:01, 040101 =>  080501,  68, 000866
03 02:05, 150101 =>  090101,  13, 000974
03 02:37, 040101 =>  040401,  96, 000745
03 02:43, 130101 =>  220301,  16, 000650
03 02:59, 150101 =>  120501,  49, 000588
03 03:08, 150101 =>  100101,  28, 000155
03 03:35, 150101 =>  021101,  81, 000409
03 03:47, 150101 =>  120101,  35, 000853
03 03:53, 130101 =>  010501,  19, 000599
03 04:16, 150101 =>  110301,  69, 000331
03 04:41, 040101 =>  051101,  73, 000866
03 04:52, 040101 =>  051001,  34, 000864
03 04:57, 130101 =>  220501,  16, 000380
03 05:07, 150101 =>  100301,  30, 000496
03 05:16, 040101 =>  030101,  27, 000337
03 05:45, 150101 =>  020701,  87, 000222
03 05:56, 040101 =>  040201,  31, 000210
03 05:58, 150101 =>  020801,   7, 000367
03 06:10, 040101 =>  040401,  37, 000488
03 06:13, 130101 =>  061301,   7, 000765
03 06:29, 150101 =>  110501,  48, 000590
03 06:31, 150101 =>  020101,   6, 000482
03 06:36, 040101 =>  050901,  15, 000156
03 06:59, 130101 =>  130901,  69, 000354
03 07:07, 130101 =>  200101,  24, 000855
03 07:33, 150101 =>  120601,  80, 000087
03 07:58, 040101 =>  210901,  74, 000374
03 08:14, 130101 =>  200101,  47, 000900
03 08:42, 150101 =>  021001,  84, 000080
03 09:09, 040101 =>  040301,  81, 000405
03 09:13, 040101 =>  051001,  14, 000720
03 09:24, 040101 =>  080501,  31, 000809
03 09:39, 130101 =>  130401,  45, 000743
03 09:59, 150101 =>  101101,  62, 000101
03 10:01, 150101 =>  021801,   5, 000919
03 10:14, 150101 =>  100901,  40, 000423
03 10:33, 150101 =>  150401,  55, 000195
03 10:38, 150101 =>  100801,  15, 000366
03 10:55, 150101 =>  150201,  51, 000271
03 11:17, 150101 =>  090201,  66, 000769
03 11:25, 150101 =>  020601,  24, 000370
03 11:29, 150101 =>  151001,  14, 000493
03 11:53, 130101 =>  061101,  72, 000469
03 11:57, 040101 =>  030401,  10, 000179
03 12:20, 150101 =>  120501,  70, 000006
03 12:40, 150101 =>  100601,  61, 000488
03 12:42, 130101 =>  220101,   4, 000519
03 12:43, 150101 =>  120301,   5, 000506
03 13:01, 040101 =>  050901,  53, 000660
03 13:09, 150101 =>  120801,  24, 000398
03 13:22, 150101 =>  100601,  40, 000841
03 13:27, 150101 =>  020101,  15, 000115
03 13:52, 150101 =>  022001,  75, 000538
03 14:18, 150101 =>  021201,  77, 000150
03 14:28, 040101 =>  080601,  29, 000945
03 14:44, 150101 =>  090301,  49, 000544
03 14:59, 040101 =>  170201,  45, 000944
03 15:30, 150101 =>  150301,  94, 000923
03 15:48, 130101 =>  160201,  52, 000394
03 16:14, 130101 =>  140101,  79, 000852
03 16:25, 150101 =>  021101,  34, 000263
03 16:40, 130101 =>  160801,  45, 000307
03 16:56, 150101 =>  150601,  47, 000575
03 17:22, 040101 =>  081201,  78, 000104
03 17:41, 150101 =>  090201,  58, 000706
03 17:56, 040101 =>  040701,  44, 000933
03 18:16, 150101 =>  100301,  61, 000369
03 18:36, 040101 =>  080201,  60, 000619
03 18:41, 040101 =>  040401,  13, 000455
03 18:57, 130101 =>  240201,  49, 000150
03 19:09, 130101 =>  160701,  36, 000014
03 19:26, 150101 =>  120701,  51, 000228
03 19:27, 130101 =>  131001,   4, 000857
03 19:30, 130101 =>  160801,   8, 000534
03 19:37, 130101 =>  060501,  22, 000137
03 19:41, 150101 =>  151001,  12, 000500
03 19:43, 040101 =>  210501,   4, 000624
03 19:54, 150101 =>  020201,  34, 000489
03 20:09, 040101 =>  030501,  44, 000139
03 20:13, 150101 =>  020101,  12, 000591
03 20:14, 130101 =>  060301,   4, 000831
03 20:16, 150101 =>  021001,   7, 000402
03 20:22, 150101 =>  120801,  18, 000784
03 20:26, 150101 =>  150301,  10, 000568
03 20:35, 040101 =>  180301,  28, 000969
03 20:37, 150101 =>  110201,   5, 000708
03 20:38, 150101 =>  100601,   5, 000153
03 20:40, 150101 =>  150401,   6, 000530
03 20:41, 150101 =>  021101,   3, 000894
03 20:43, 150101 =>  110401,   4, 000988
03 20:47, 130101 =>  200201,  13, 000452
04 00:23, 150101 =>  021701,  69, 000913
04 00:55, 040101 =>  210101,  97, 000747
04 01:20, 130101 =>  160601,  76, 000964
04 01:46, 150101 =>  110301,  77, 000622
04 02:13, 040101 =>  040801,  81, 000706
04 02:32, 040101 =>  030101,  58, 000182
04 02:40, 150101 =>  100401,  24, 000574
04 03:11, 040101 =>  210501,  93, 000503
04 03:22, 040101 =>  230401,  33, 000259
04 03:46, 150101 =>  110201,  70, 000741
04 03:46, 150101 =>  020101,   1, 000556
04 03:48, 040101 =>  081001,   6, 000544
04 04:20, 150101 =>  021301,  95, 000702
04 04:41, 130101 =>  200501,  63, 000898
04 05:09, 150101 =>  150701,  86, 000072
04 05:43, 130101 =>  220301, 100, 000658
04 05:46, 150101 =>  120801,  11, 000753
04 05:52, 150101 =>  190201,  18, 000559
04 06:16, 040101 =>  080101,  70, 000598
04 06:22, 150101 =>  150901,  20, 000640
04 06:26, 150101 =>  020701,  10, 000749
04 06:56, 130101 =>  061201,  92, 000945
04 07:22, 150101 =>  090101,  78, 000343
04 07:44, 150101 =>  090101,  64, 000639
04 07:46, 040101 =>  050701,   6, 000919
04 07:55, 130101 =>  130901,  29, 000373
04 08:17, 150101 =>  120301,  65, 000714
04 08:23, 130101 =>  160301,  18, 000815
04 08:36, 130101 =>  130201,  39, 000998
04 09:07, 150101 =>  150601,  94, 000727
04 09:15, 150101 =>  150901,  24, 000397
04 09:32, 040101 =>  080701,  49, 000705
04 09:53, 130101 =>  060801,  63, 000501
04 10:07, 150101 =>  120901,  44, 000443
04 10:34, 150101 =>  150701,  80, 000794
04 10:54, 040101 =>  040301,  61, 000348
04 11:18, 150101 =>  021301,  72, 000327
04 11:44, 150101 =>  090301,  76, 000211
04 11:57, 150101 =>  020401,  39, 000305
04 11:58, 040101 =>  081301,   3, 000144
04 12:10, 150101 =>  020501,  37, 000003
04 12:31, 150101 =>  150401,  64, 000347
04 12:51, 150101 =>  020901,  58, 000484
04 13:05, 130101 =>  220101,  43, 000598
04 13:27, 130101 =>  061201,  67, 000029
04 13:34, 040101 =>  210301,  21, 000276
04 13:58, 150101 =>  120501,  70, 000848
04 14:21, 040101 =>  050901,  71, 000945
04 14:27, 150101 =>  150401,  18, 000746
04 14:46, 130101 =>  130401,  55, 000309
04 15:01, 150101 =>  090501,  46, 000459
04 15:22, 150101 =>  150601,  62, 000151
04 15:31, 040101 =>  080901,  28, 000649
04 15:58, 150101 =>  150401,  81, 000235
04 15:59, 150101 =>  021601,   4, 000360
04 16:21, 150101 =>  110501,  64, 000997
04 16:34, 130101 =>  061301,  39, 000168
04 16:36, 040101 =>  051001,   8, 000791
04 16:43, 150101 =>  120601,  19, 000599
04 17:02, 040101 =>  080901,  59, 000565
04 17:06, 130101 =>  130801,  10, 000022
04 17:08, 130101 =>  220101,   8, 000019
04 17:13, 040101 =>  170201,  13, 000966
04 17:38, 040101 =>  050401,  77, 000471
04 18:04, 040101 =>  230401,  78, 000747
04 18:13, 130101 =>  131201,  25, 000598
04 18:16, 130101 =>  200801,  10, 000453
04 18:44, 150101 =>  100601,  84, 000287
04 18:59, 150101 =>  022001,  46, 000259
04 19:03, 150101 =>  021201,  10, 000884
04 19:06, 040101 =>  030301,  10, 000974
04 19:17, 150101 =>  021301,  34, 000567
04 19:20, 130101 =>  220601,   8, 000969
04 19:27, 150101 =>  021301,  21, 000654
04 19:35, 150101 =>  150401,  24, 000673
04 19:52, 040101 =>  250401,  50, 000306
04 19:59, 150101 =>  110501,  22, 000546
04 20:07, 040101 =>  210601,  25, 000396
04 20:11, 150101 =>  110101,  12, 000471
04 20:23, 040101 =>  210801,  36, 000116
04 20:25, 150101 =>  090201,   4, 000792
04 20:27, 150101 =>  100601,   7, 000906
04 20:30, 130101 =>  160701,   9, 000563
04 20:42, 040101 =>  080301,  35, 000064
04 20:47, 150101 =>  021101,  17, 000750
04 20:50, 130101 =>  220201,   8, 000130
04 20:53, 040101 =>  180301,   9, 000334
04 20:55, 150101 =>  020501,   5, 000371
04 21:05, 040101 =>  080901,  30, 000407
04 21:07, 150101 =>  020901,   7, 000249
04 21:09, 130101 =>  200501,   6, 000118
04 21:11, 150101 =>  150201,   7, 000594
04 21:16, 040101 =>  050301,  13, 000001
04 21:19, 040101 =>  050301,  11, 000488
04 21:23, 040101 =>  230101,  12, 000945
04 21:25, 150101 =>  090401,   5, 000962
04 21:26, 150101 =>  020101,   4, 000644
04 21:28, 150101 =>  021101,   4, 000510
04 21:31, 040101 =>  250201,  11, 000867
04 21:33, 130101 =>  061101,   6, 000636
05 00:24, 150101 =>  020501,  73, 000388
05 00:50, 150101 =>  022001,  77, 000331
05 01:05, 150101 =>  100201,  47, 000530
05 01:07, 040101 =>  081201,   4, 000681
05 01:39, 130101 =>  160601,  98, 000686
05 01:57, 150101 =>  100801,  52, 000853
05 01:57, 150101 =>  110201,   1, 000336
05 02:02, 150101 =>  021201,  14, 000178
05 02:17, 150101 =>  120701,  46, 000913
05 02:46, 040101 =>  081101,  86, 000018
05 03:11, 150101 =>  150501,  76, 000362
05 03:36, 040101 =>  040201,  75, 000741
05 03:40, 150101 =>  150901,  13, 000210
05 03:51, 040101 =>  250301,  33, 000845
05 04:04, 150101 =>  100801,  37, 000102
05 04:35, 040101 =>  250301,  95, 000718
05 04:38, 040101 =>  211301,   7, 000222
05 04:44, 150101 =>  021001,  18, 000294
05 05:14, 150101 =>  100401,  90, 000017
05 05:21, 130101 =>  061001,  21, 000760
05 05:39, 150101 =>  120501,  55, 000653
05 05:56, 150101 =>  120701,  50, 000109
05 06:10, 150101 =>  021801,  43, 000785
05 06:23, 130101 =>  160501,  39, 000395
05 06:25, 040101 =>  050701,   5, 000245
05 06:42, 150101 =>  110401,  53, 000085
05 06:59, 040101 =>  170201,  49, 000629
05 07:29, 130101 =>  160801,  90, 000544
05 07:41, 130101 =>  060601,  38, 000625
05 07:59, 150101 =>  150901,  54, 000631
05 08:04, 150101 =>  020501,  15, 000840
05 08:20, 040101 =>  210201,  47, 000751
05 08:22, 130101 =>  130801,   6, 000993
05 08:51, 150101 =>  090501,  88, 000366
05 09:15, 150101 =>  021801,  70, 000956
05 09:45, 150101 =>  120401,  90, 000914
05 10:11, 150101 =>  120701,  78, 000593
05 10:27, 040101 =>  030701,  48, 000872
05 10:36, 130101 =>  160201,  28, 000884
05 10:57, 150101 =>  151001,  62, 000657
05 11:22, 150101 =>  101001,  75, 000634
05 11:26, 130101 =>  140101,  13, 000429
05 11:52, 150101 =>  101001,  78, 000452
05 12:14, 150101 =>  190101,  67, 000047
05 12:35, 130101 =>  130901,  63, 000606
05 12:49, 150101 =>  151001,  40, 000779
05 13:20, 150101 =>  120401,  93, 000137
05 13:23, 150101 =>  190101,  11, 000124
05 13:24, 150101 =>  150701,   3, 000998
05 13:42, 040101 =>  080901,  53, 000657
05 13:57, 150101 =>  020801,  44, 000673
05 13:59, 150101 =>  110101,   7, 000840
05 14:16, 040101 =>  180201,  50, 000358
05 14:22, 150101 =>  022001,  18, 000276
05 14:40, 150101 =>  021001,  55, 000350
05 14:57, 150101 =>  101101,  50, 000186
05 15:12, 130101 =>  160701,  47, 000562
05 15:23, 150101 =>  021201,  32, 000017
05 15:24, 150101 =>  150801,   3, 000818
05 15:35, 150101 =>  190301,  34, 000570
05 15:38, 150101 =>  100501,   8, 000735
05 15:48, 150101 =>  022001,  29, 000559
05 15:54, 040101 =>  081001,  18, 000985
05 16:05, 150101 =>  021001,  33, 000316
05 16:18, 040101 =>  211201,  41, 000529
05 16:21, 150101 =>  020301,   7, 000910
05 16:38, 040101 =>  050501,  52, 000921
05 16:40, 150101 =>  120301,   7, 000281
05 16:46, 150101 =>  100601,  18, 000682
05 16:51, 150101 =>  100601,  14, 000101
05 16:54, 150101 =>  120401,   8, 000395
05 16:56, 150101 =>  100901,   8, 000171
05 16:58, 150101 =>  120201,   5, 000331
05 17:22, 040101 =>  050401,  72, 000966
05 17:23, 150101 =>  150501,   4, 000352
05 17:24, 150101 =>  021701,   2, 000874
05 17:46, 130101 =>  160701,  67, 000583
06 00:13, 150101 =>  021501,  41, 000206
06 00:15, 150101 =>  090401,   6, 000053
06 00:39, 150101 =>  120501,  70, 000807
06 00:56, 150101 =>  021901,  51, 000692
06 01:24, 150101 =>  120701,  86, 000093
06 01:42, 150101 =>  021601,  54, 000317
06 01:49, 150101 =>  100701,  21, 000121
06 02:18, 150101 =>  110501,  87, 000819
06 02:29, 040101 =>  050101,  31, 000343
06 02:39, 040101 =>  211101,  31, 000928
06 02:58, 040101 =>  230201,  58, 000584
06 03:32, 150101 =>  021701, 100, 000861
06 03:53, 040101 =>  050401,  65, 000288
06 04:22, 130101 =>  131201,  87, 000802
06 04:51, 150101 =>  190101,  87, 000134
06 05:08, 130101 =>  200601,  49, 000215
06 05:30, 150101 =>  021601,  66, 000747
06 05:40, 130101 =>  140301,  30, 000455
06 05:44, 150101 =>  150701,  12, 000999
06 05:50, 150101 =>  100401,  18, 000636
06 06:09, 150101 =>  020601,  58, 000988
06 06:10, 150101 =>  100501,   2, 000746
06 06:23, 040101 =>  081301,  41, 000262
06 06:42, 150101 =>  150501,  57, 000245
06 06:56, 040101 =>  080901,  40, 000188
06 07:02, 150101 =>  020301,  20, 000152
06 07:18, 150101 =>  110301,  46, 000577
06 07:34, 040101 =>  211301,  50, 000369
06 07:37, 040101 =>  250201,   9, 000568
06 07:58, 130101 =>  130401,  62, 000468
06 08:20, 150101 =>  120901,  67, 000699
06 08:23, 150101 =>  070101,   9, 000107
06 08:27, 040101 =>  180301,  12, 000220
06 08:39, 150101 =>  021001,  34, 000575
06 09:02, 040101 =>  040301,  71, 000161
06 09:22, 130101 =>  160501,  60, 000022
06 09:39, 150101 =>  090701,  49, 000007
06 09:51, 150101 =>  020101,  37, 000981
06 10:22, 150101 =>  022001,  92, 000519
06 10:29, 130101 =>  061001,  21, 000251
06 10:35, 150101 =>  090201,  19, 000223
06 10:38, 150101 =>  120701,  10, 000505
06 11:00, 130101 =>  010501,  65, 000613
06 11:32, 150101 =>  120901,  97, 000670
06 11:55, 130101 =>  131001,  68, 000757
06 12:12, 150101 =>  190301,  51, 000660
06 12:29, 040101 =>  040801,  51, 000800
06 12:48, 150101 =>  100201,  58, 000016
06 12:58, 040101 =>  080101,  28, 000404
06 13:17, 150101 =>  100101,  57, 000048
06 13:24, 040101 =>  210701,  21, 000486
06 13:38, 040101 =>  050201,  43, 000412
06 14:02, 150101 =>  100901,  71, 000250
06 14:07, 040101 =>  210301,  16, 000032
06 14:15, 040101 =>  080801,  23, 000974
06 14:18, 040101 =>  050901,  11, 000369
06 14:49, 150101 =>  150601,  91, 000792
06 15:08, 040101 =>  170201,  59, 000946
06 15:15, 150101 =>  150601,  20, 000405
06 15:23, 150101 =>  020101,  24, 000888
06 15:42, 040101 =>  050501,  58, 000847
06 16:04, 040101 =>  211001,  65, 000558
06 16:12, 150101 =>  110201,  25, 000894
06 16:14, 150101 =>  022001,   5, 000859
06 16:22, 150101 =>  110201,  23, 000089
06 16:26, 150101 =>  120701,  14, 000691
06 16:57, 040101 =>  050501,  92, 000330
06 17:18, 040101 =>  080801,  62, 000854
06 17:41, 130101 =>  160701,  71, 000699
06 18:00, 040101 =>  250301,  56, 000031
06 18:05, 150101 =>  190301,  16, 000408
06 18:25, 150101 =>  020101,  58, 000408
06 18:39, 040101 =>  210401,  43, 000259
06 18:49, 040101 =>  211001,  31, 000993
06 19:00, 040101 =>  211101,  33, 000798
06 19:07, 150101 =>  021501,  20, 000958
06 19:20, 130101 =>  010501,  40, 000462
06 19:23, 130101 =>  130201,   9, 000056
06 19:25, 040101 =>  040701,   6, 000656
06 19:28, 150101 =>  021601,   7, 000218
06 19:32, 130101 =>  221001,  14, 000209
06 19:34, 040101 =>  040401,   5, 000579
06 19:47, 150101 =>  120201,  40, 000561
06 19:52, 150101 =>  090101,  15, 000310
06 19:54, 150101 =>  020201,   4, 000423
06 20:00, 150101 =>  190201,  19, 000157
06 20:17, 130101 =>  131001,  52, 000041
06 20:20, 040101 =>  080301,   7, 000144
06 20:25, 040101 =>  080501,  15, 000755
06 20:37, 130101 =>  131001,  38, 000831
06 20:39, 150101 =>  100601,   4, 000271
06 20:45, 130101 =>  140201,  18, 000621
06 20:48, 150101 =>  120601,   9, 000161
06 20:50, 150101 =>  021601,   6, 000837
06 20:52, 040101 =>  170101,   7, 000303
06 20:54, 150101 =>  150401,   6, 000473
06 21:00, 130101 =>  130901,  18, 000103
06 21:03, 150101 =>  110101,   8, 000706
06 21:04, 150101 =>  190201,   4, 000684
06 21:05, 150101 =>  120601,   3, 000192
06 21:06, 150101 =>  120701,   4, 000982
07 00:20, 040101 =>  211001,  62, 000933
07 00:52, 150101 =>  120201,  96, 000700
07 00:55, 150101 =>  021201,   8, 000640
07 01:03, 130101 =>  060501,  23, 000687
07 01:34, 150101 =>  070101,  95, 000547
07 01:47, 150101 =>  090601,  37, 000414
07 01:53, 040101 =>  250101,  18, 000304
07 02:00, 130101 =>  160701,  23, 000809
07 02:01, 130101 =>  060101,   1, 000431
07 02:12, 150101 =>  100801,  35, 000461
07 02:31, 040101 =>  050901,  57, 000626
07 02:37, 150101 =>  190101,  18, 000719
07 03:10, 150101 =>  101101,  99, 000151
07 03:20, 150101 =>  110401,  28, 000714
07 03:24, 040101 =>  180201,  13, 000875
07 03:52, 150101 =>  070101,  84, 000641
07 03:54, 150101 =>  100801,   7, 000971
07 03:57, 040101 =>  050501,   9, 000545
07 04:02, 130101 =>  220101,  13, 000960
07 04:22, 040101 =>  050901,  60, 000043
07 04:39, 150101 =>  021301,  52, 000918
07 05:08, 150101 =>  021001,  86, 000364
07 05:26, 150101 =>  021501,  55, 000980
07 05:54, 040101 =>  210901,  84, 000149
07 06:18, 150101 =>  021001,  71, 000864
07 06:26, 040101 =>  050101,  24, 000581
07 06:56, 040101 =>  210601,  90, 000884
07 07:22, 130101 =>  061201,  78, 000529
07 07:32, 040101 =>  210701,  30, 000115
07 08:02, 150101 =>  150701,  90, 000133
07 08:09, 040101 =>  030301,  22, 000261
07 08:13, 040101 =>  081201,  13, 000755
07 08:36, 150101 =>  100501,  69, 000632
07 08:52, 130101 =>  140101,  47, 000393
07 08:54, 150101 =>  021701,   5, 000877
07 09:17, 040101 =>  050201,  69, 000683
07 09:36, 150101 =>  100701,  59, 000113
07 09:51, 040101 =>  250401,  44, 000380
07 10:01, 150101 =>  100301,  31, 000438
07 10:12, 150101 =>  120601,  32, 000568
07 10:32, 040101 =>  050201,  60, 000603
07 11:04, 040101 =>  040601,  97, 000243
07 11:27, 150101 =>  020501,  69, 000955
07 11:45, 150101 =>  120101,  53, 000237
07 12:06, 150101 =>  100101,  64, 000852
07 12:34, 040101 =>  040301,  83, 000854
07 12:38, 150101 =>  100801,  11, 000620
07 12:56, 150101 =>  021701,  55, 000253
07 13:00, 150101 =>  110101,  11, 000570
07 13:31, 040101 =>  050401,  93, 000583
07 13:43, 130101 =>  130401,  36, 000971
07 13:46, 130101 =>  060401,  10, 000212
07 13:59, 130101 =>  060801,  38, 000606
07 14:02, 040101 =>  081101,  10, 000685
07 14:06, 040101 =>  080401,  12, 000272
07 14:12, 130101 =>  130401,  18, 000214
07 14:16, 150101 =>  100401,  12, 000811
07 14:27, 040101 =>  170101,  34, 000415
07 14:54, 150101 =>  100301,  80, 000115
07 15:04, 130101 =>  061101,  30, 000575
07 15:09, 040101 =>  211101,  16, 000684
07 15:21, 130101 =>  160301,  36, 000608
07 15:26, 040101 =>  210101,  15, 000229
07 15:40, 150101 =>  100701,  42, 000285
07 16:11, 130101 =>  140101,  91, 000415
07 16:25, 040101 =>  051101,  43, 000610
07 16:28, 150101 =>  150701,  10, 000002
07 16:42, 150101 =>  110201,  42, 000421
07 16:47, 150101 =>  020401,  15, 000383
07 16:48, 150101 =>  150701,   2, 000276
07 17:09, 130101 =>  220401,  62, 000287
07 17:21, 040101 =>  081201,  38, 000947
07 17:46, 130101 =>  220201,  74, 000238
07 17:51, 130101 =>  160501,  15, 000169
07 18:21, 150101 =>  110401,  91, 000503
07 18:47, 150101 =>  021901,  76, 000899
07 18:53, 040101 =>  210601,  18, 000070
07 19:00, 150101 =>  090201,  21, 000276
07 19:14, 150101 =>  020201,  43, 000035
07 19:32, 130101 =>  200701,  53, 000742
07 19:52, 150101 =>  090101,  61, 000600
07 20:01, 130101 =>  130401,  28, 000614
07 20:08, 130101 =>  010401,  20, 000728
07 20:23, 150101 =>  020501,  45, 000998
07 20:26, 040101 =>  230201,  10, 000797
07 20:30, 040101 =>  030301,  12, 000663
07 20:35, 150101 =>  020201,  13, 000753
07 20:43, 150101 =>  020401,  25, 000020
07 20:46, 040101 =>  080201,  10, 000124
07 20:49, 150101 =>  120301,   8, 000376
07 20:52, 150101 =>  100701,  10, 000621
07 20:58, 150101 =>  020301,  16, 000163
07 21:00, 040101 =>  250201,   6, 000544
07 21:09, 130101 =>  140301,  27, 000890
07 21:10, 130101 =>  220301,   3, 000019
07 21:13, 040101 =>  210301,  10, 000189
07 21:18, 150101 =>  100501,  14, 000476
07 21:20, 130101 =>  200401,   6, 000392
07 21:21, 040101 =>  080701,   4, 000011
07 21:23, 150101 =>  150501,   6, 000333
07 21:24, 150101 =>  150801,   4, 000592
07 21:25, 150101 =>  110401,   3, 000096
07 21:27, 150101 =>  150901,   6, 000592
07 21:29, 150101 =>  120401,   4, 000752
07 21:34, 130101 =>  200301,  16, 000280
07 21:36, 130101 =>  200501,   7, 000190
07 21:38, 040101 =>  040801,   4, 000567
07 21:41, 130101 =>  131101,  10, 000117
07 21:42, 130101 =>  060701,   4, 000836
08 00:25, 040101 =>  210701,  76, 000638
08 00:54, 130101 =>  060801,  86, 000376
08 01:17, 130101 =>  060101,  70, 000888
08 01:21, 150101 =>  090301,  13, 000329
08 01:37, 150101 =>  110501,  47, 000177
08 01:56, 150101 =>  020901,  57, 000142
08 02:24, 040101 =>  230401,  85, 000616
08 02:45, 150101 =>  090201,  61, 000786
08 02:47, 130101 =>  131001,   7, 000050
08 02:47, 150101 =>  090601,   1, 000818
08 03:08, 150101 =>  150401,  62, 000340
08 03:22, 150101 =>  020201,  43, 000930
08 03:25, 040101 =>  210501,   7, 000507
08 03:38, 150101 =>  100801,  39, 000525
08 04:05, 040101 =>  210701,  82, 000723
08 04:15, 040101 =>  030301,  30, 000522
08 04:35, 150101 =>  150801,  61, 000700
08 05:07, 150101 =>  021901,  96, 000735
08 05:39, 040101 =>  210601,  96, 000039
08 05:46, 150101 =>  090601,  19, 000157
08 05:53, 150101 =>  021001,  23, 000307
08 06:03, 150101 =>  190301,  30, 000196
08 06:10, 150101 =>  020101,  20, 000736
08 06:14, 130101 =>  220801,  13, 000205
08 06:47, 150101 =>  070101,  99, 000297
08 07:16, 150101 =>  090101,  86, 000933
08 07:37, 130101 =>  220601,  64, 000671
08 07:59, 150101 =>  090701,  66, 000116
08 08:28, 130101 =>  200301,  85, 000340
08 08:30, 150101 =>  150801,   6, 000415
08 09:01, 150101 =>  100601,  95, 000989
08 09:34, 150101 =>  100801,  98, 000365
08 09:44, 040101 =>  040401,  30, 000666
08 10:06, 040101 =>  080501,  67, 000624
08 10:10, 040101 =>  230201,  11, 000194
08 10:28, 040101 =>  050501,  55, 000433
08 10:51, 150101 =>  020401,  69, 000228
08 11:21, 130101 =>  061201,  89, 000651
08 11:52, 040101 =>  050901,  93, 000888
08 12:22, 150101 =>  120201,  90, 000363
08 12:49, 150101 =>  100601,  82, 000640
08 13:21, 040101 =>  210601,  94, 000859
08 13:25, 130101 =>  220401,  14, 000634
08 13:34, 130101 =>  010601,  25, 000468
08 13:44, 150101 =>  021701,  32, 000771
08 13:46, 040101 =>  050301,   5, 000956
08 14:09, 150101 =>  150201,  68, 000160
08 14:33, 040101 =>  180301,  72, 000754
08 14:38, 150101 =>  150401,  17, 000858
08 14:43, 150101 =>  100501,  13, 000434
08 15:07, 150101 =>  021901,  73, 000600
08 15:29, 150101 =>  150601,  67, 000458
08 15:34, 130101 =>  060101,  14, 000347
08 15:49, 150101 =>  151001,  45, 000796
08 15:54, 150101 =>  020201,  16, 000917
08 16:04, 040101 =>  210701,  30, 000590
08 16:27, 150101 =>  110501,  68, 000311
08 16:31, 130101 =>  130901,  12, 000658
08 16:41, 130101 =>  140201,  29, 000909
08 16:57, 150101 =>  100901,  48, 000898
08 17:11, 130101 =>  221001,  43, 000719
08 17:29, 040101 =>  080201,  54, 000800
08 17:41, 040101 =>  230401,  36, 000148
08 18:03, 150101 =>  150601,  67, 000716
08 18:10, 150101 =>  090101,  20, 000753
08 18:16, 040101 =>  040801,  19, 000712
08 18:31, 150101 =>  120101,  45, 000468
08 18:52, 040101 =>  211301,  62, 000240
08 18:57, 150101 =>  110101,  15, 000140
08 18:59, 040101 =>  250201,   7, 000289
08 19:05, 150101 =>  021201,  16, 000038
08 19:06, 040101 =>  080401,   4, 000608
08 19:07, 150101 =>  120601,   4, 000344
08 19:15, 150101 =>  021001,  23, 000867
08 19:32, 130101 =>  131101,  52, 000400
08 19:45, 130101 =>  060101,  37, 000782
08 19:59, 130101 =>  130501,  42, 000093
08 20:09, 130101 =>  060201,  32, 000777
08 20:11, 150101 =>  120101,   6, 000212
08 20:29, 040101 =>  211101,  52, 000957
08 20:31, 150101 =>  100901,   7, 000078
08 20:37, 150101 =>  090201,  17, 000092
08 20:42, 130101 =>  200801,  16, 000175
08 20:45, 150101 =>  100601,  10, 000722
08 20:48, 150101 =>  100301,   8, 000897
08 20:51, 040101 =>  211201,   8, 000196
08 20:56, 130101 =>  060601,  17, 000329
08 20:57, 150101 =>  150201,   3, 000918
08 20:59, 150101 =>  120101,   6, 000384
08 21:01, 130101 =>  220201,   6, 000667
08 21:03, 150101 =>  100301,   5, 000897
08 21:07, 040101 =>  210501,  11, 000476
08 21:12, 040101 =>  030401,  16, 000550
08 21:13, 150101 =>  120301,   4, 000903
