1 00:27, 040101 =>  230101,   4, 000786
1 02:01, 040101 =>  030501,  14, 000133
1 03:02, 150101 =>  100701,   9, 000066
1 03:23, 130101 =>  160701,   3, 000913
1 07:46, 150101 =>  110401,  18, 000495
1 09:21, 040101 =>  040601,  14, 000893
1 10:09, 040101 =>  040501,   7, 000815
1 10:36, 130101 =>  130501,   4, 000816
1 11:09, 150101 =>  090101,   5, 000298
1 11:43, 150101 =>  190101,   5, 000453
1 12:24, 040101 =>  081001,   6, 000923
1 13:45, 150101 =>  100801,  12, 000674
1 14:59, 150101 =>  090301,  11, 000330
1 15:20, 040101 =>  040701,   3, 000793
1 15:47, 150101 =>  100301,   4, 000017
1 16:14, 150101 =>  110201,   4, 000224
1 16:41, 150101 =>  021401,   4, 000196
1 17:08, 040101 =>  210401,   4, 000231
1 18:16, 130101 =>  160601,  10, 000455
1 18:36, 040101 =>  210901,   3, 000693
1 19:03, 150101 =>  100601,   4, 000493
1 19:10, 150101 =>  100501,   1, 000446
1 19:30, 040101 =>  210701,   3, 000846