01 01:25, 150101 =>  150801,  99, 000323
01 02:31, 040101 =>  250401,  76, 000823
01 03:00, 150101 =>  021601,  33, 000638
01 03:23, 040101 =>  250101,  27, 000102
01 04:07, 130101 =>  240201,  51, 000303
01 04:11, 040101 =>  050801,   4, 000275
01 05:35, 040101 =>  051001,  97, 000059
01 05:50, 150101 =>  100201,  17, 000857
01 06:00, 150101 =>  021001,  12, 000605
01 06:19, 040101 =>  050401,  22, 000613
01 06:45, 040101 =>  050201,  30, 000959
01 06:54, 150101 =>  090101,  10, 000043
01 07:22, 130101 =>  060701,  32, 000126
01 08:10, 150101 =>  190101,  56, 000764
01 08:55, 040101 =>  081201,  52, 000652
01 09:11, 040101 =>  250401,  18, 000975
01 09:41, 040101 =>  170101,  35, 000695
01 10:19, 150101 =>  020601,  44, 000705
01 10:37, 130101 =>  240101,  21, 000592
01 10:42, 150101 =>  090201,   5, 000935
01 12:08, 150101 =>  120301,  99, 000850
01 12:36, 150101 =>  190101,  33, 000655
01 12:53, 150101 =>  100701,  20, 000479
01 13:42, 130101 =>  220301,  56, 000537
01 14:50, 150101 =>  110301,  79, 000142
01 15:07, 040101 =>  040701,  19, 000602
01 15:29, 150101 =>  150901,  25, 000732
01 16:02, 150101 =>  021801,  38, 000044
01 16:11, 130101 =>  060401,  11, 000528
01 16:24, 040101 =>  080401,  15, 000702
01 16:27, 040101 =>  210701,   3, 000882
01 16:42, 150101 =>  110201,  18, 000951
01 17:05, 150101 =>  150801,  26, 000602
01 17:25, 130101 =>  240301,  23, 000928
01 17:59, 150101 =>  151001,  39, 000326
01 18:24, 130101 =>  010101,  29, 000688
01 18:29, 040101 =>  080901,   6, 000875
01 18:35, 040101 =>  210301,   7, 000433
01 18:45, 150101 =>  110201,  12, 000823
01 18:48, 040101 =>  030601,   3, 000668
01 19:04, 150101 =>  021101,  19, 000257
01 19:21, 150101 =>  022001,  19, 000274
01 19:24, 040101 =>  250301,   4, 000127
01 19:28, 150101 =>  020801,   4, 000599
01 19:48, 130101 =>  130701,  23, 000710
01 19:53, 040101 =>  210601,   6, 000849
01 20:00, 040101 =>  180201,   8, 000702
01 20:02, 040101 =>  050401,   3, 000328
01 20:15, 150101 =>  021801,  14, 000542
01 20:23, 130101 =>  010701,  10, 000966
01 20:26, 040101 =>  051101,   3, 000649
01 20:30, 040101 =>  081201,   5, 000527
01 20:34, 040101 =>  210501,   4, 000712
01 20:41, 150101 =>  090601,   8, 000750
01 20:41, 040101 =>  210501,   1, 000238
01 20:48, 150101 =>  190301,   7, 000169
02 01:08, 130101 =>  130401,  79, 000998
02 01:53, 040101 =>  050201,  52, 000010
02 02:03, 040101 =>  210301,  12, 000339
02 02:28, 150101 =>  120201,  28, 000836
02 03:32, 150101 =>  150401,  74, 000316
02 04:52, 040101 =>  180101,  92, 000112
02 04:55, 150101 =>  110401,   4, 000986
02 05:16, 150101 =>  110201,  24, 000227
02 06:31, 150101 =>  150601,  87, 000239
02 06:34, 150101 =>  120201,   3, 000183
02 07:16, 130101 =>  240101,  49, 000415
02 07:50, 130101 =>  140301,  39, 000079
02 08:12, 130101 =>  220701,  25, 000201
02 08:40, 130101 =>  060201,  33, 000960
02 09:47, 040101 =>  080701,  77, 000844
02 10:12, 150101 =>  021601,  29, 000341
02 10:15, 150101 =>  150601,   3, 000372
02 10:55, 150101 =>  101101,  46, 000052
02 12:10, 150101 =>  190101,  87, 000814
02 13:06, 040101 =>  210601,  65, 000335
02 13:20, 130101 =>  220201,  16, 000812
02 13:31, 040101 =>  210201,  12, 000525
02 13:47, 040101 =>  180201,  19, 000240
02 14:40, 150101 =>  150501,  61, 000622
02 14:44, 150101 =>  021301,   4, 000803
02 15:16, 150101 =>  150401,  37, 000427
02 15:42, 150101 =>  110401,  30, 000616
02 16:40, 150101 =>  020201,  67, 000113
02 16:50, 130101 =>  130301,  12, 000664
02 16:53, 130101 =>  200401,   3, 000033
02 17:06, 040101 =>  081301,  15, 000696
02 17:11, 150101 =>  150201,   6, 000213
02 17:35, 150101 =>  190101,  28, 000852
02 18:10, 150101 =>  090601,  40, 000105
02 18:36, 040101 =>  081301,  30, 000547
02 18:38, 130101 =>  130201,   3, 000475
02 18:59, 150101 =>  090501,  24, 000956
02 19:19, 150101 =>  022001,  23, 000114
02 19:28, 130101 =>  130601,  10, 000058
02 19:34, 040101 =>  180101,   7, 000989
02 19:36, 150101 =>  021501,   3, 000525
02 19:56, 040101 =>  211301,  23, 000775
02 20:07, 150101 =>  190301,  12, 000220
02 20:12, 130101 =>  220901,   6, 000433
02 20:18, 130101 =>  220301,   7, 000739
02 20:22, 130101 =>  220901,   4, 000617
02 20:33, 150101 =>  020301,  13, 000015
02 20:40, 150101 =>  090301,   8, 000402
02 20:43, 040101 =>  050701,   4, 000598
02 20:47, 150101 =>  021701,   4, 000573
02 20:57, 040101 =>  250401,  12, 000061
02 21:01, 150101 =>  150801,   4, 000253
02 21:05, 150101 =>  100501,   5, 000364
02 21:11, 040101 =>  170201,   7, 000324
02 21:13, 150101 =>  120201,   2, 000459
02 21:18, 130101 =>  140301,   6, 000754
02 21:26, 040101 =>  230101,   9, 000005
02 21:29, 130101 =>  240101,   4, 000985
03 00:39, 130101 =>  131001,  46, 000559
03 01:24, 130101 =>  131001,  51, 000254
03 01:57, 150101 =>  020801,  39, 000778
03 03:13, 150101 =>  090101,  87, 000905
03 03:29, 040101 =>  030601,  19, 000681
03 04:11, 150101 =>  020401,  48, 000588
03 04:27, 130101 =>  130601,  19, 000667
03 04:52, 130101 =>  130401,  28, 000377
03 05:46, 150101 =>  021501,  63, 000747
03 06:02, 150101 =>  150901,  18, 000842
03 06:39, 130101 =>  200101,  43, 000761
03 07:12, 040101 =>  050601,  38, 000884
03 07:32, 130101 =>  130501,  23, 000182
03 07:51, 150101 =>  110101,  22, 000056
03 09:15, 040101 =>  170101,  97, 000127
03 09:48, 150101 =>  020201,  38, 000192
03 10:12, 150101 =>  120701,  28, 000562
03 11:16, 150101 =>  150901,  73, 000318
03 12:05, 150101 =>  021701,  57, 000296
03 12:32, 150101 =>  021201,  31, 000538
03 13:17, 040101 =>  080401,  52, 000327
03 13:55, 150101 =>  120201,  44, 000282
03 14:13, 150101 =>  120901,  21, 000882
03 14:58, 150101 =>  110401,  52, 000307
03 15:01, 130101 =>  140201,   3, 000522
03 15:34, 150101 =>  100101,  38, 000015
03 16:02, 150101 =>  021701,  32, 000978
03 16:16, 150101 =>  150801,  17, 000308
03 16:28, 150101 =>  101001,  13, 000763
03 16:34, 150101 =>  021001,   7, 000627
03 16:38, 150101 =>  020901,   5, 000959
03 16:47, 150101 =>  021701,  10, 000035
03 16:55, 130101 =>  060301,  10, 000881
03 16:59, 150101 =>  020601,   4, 000756
03 17:02, 150101 =>  120201,   4, 000966
03 17:28, 040101 =>  080401,  30, 000604
03 17:33, 150101 =>  190301,   5, 000505
03 17:39, 040101 =>  080601,   8, 000935
03 17:59, 040101 =>  210201,  22, 000658
03 18:01, 150101 =>  021401,   3, 000327
03 18:17, 130101 =>  060101,  18, 000025
03 18:25, 130101 =>  010501,   9, 000548
04 00:31, 040101 =>  050801,  37, 000357
04 00:50, 040101 =>  080501,  22, 000940
04 01:24, 150101 =>  021201,  40, 000301
04 02:25, 150101 =>  120801,  72, 000092
04 03:41, 150101 =>  021901,  89, 000361
04 04:59, 150101 =>  120801,  92, 000487
04 06:10, 130101 =>  140201,  84, 000726
04 06:36, 150101 =>  022001,  30, 000809
04 06:50, 040101 =>  211301,  17, 000189
04 06:56, 150101 =>  020301,   7, 000117
04 07:17, 130101 =>  130601,  25, 000850
04 07:41, 150101 =>  090601,  28, 000373
04 08:20, 040101 =>  230201,  46, 000773
04 09:43, 150101 =>  110301,  98, 000675
04 10:28, 150101 =>  120801,  52, 000271
04 10:39, 150101 =>  120901,  13, 000683
04 11:41, 040101 =>  170301,  73, 000865
04 11:53, 150101 =>  090301,  14, 000632
04 12:53, 150101 =>  120301,  71, 000768
04 13:24, 130101 =>  010101,  36, 000585
04 13:39, 150101 =>  150801,  18, 000258
04 14:16, 150101 =>  120401,  44, 000366
04 14:59, 040101 =>  040701,  50, 000113
04 15:07, 130101 =>  130601,  10, 000286
04 15:29, 150101 =>  020601,  26, 000264
04 16:21, 040101 =>  080401,  61, 000604
04 16:38, 130101 =>  130301,  20, 000762
04 17:05, 040101 =>  080301,  31, 000674
04 17:18, 150101 =>  090501,  16, 000839
04 17:51, 130101 =>  010101,  39, 000207
04 18:01, 150101 =>  021601,  11, 000549
04 18:08, 130101 =>  220901,   9, 000655
04 18:20, 130101 =>  160601,  14, 000756
04 18:28, 150101 =>  022001,   9, 000748
04 18:42, 040101 =>  081301,  16, 000413
04 18:50, 150101 =>  120301,  10, 000463
04 18:59, 150101 =>  021201,  10, 000640
04 19:02, 150101 =>  150301,   4, 000440
04 19:06, 150101 =>  150301,   5, 000453
04 19:29, 040101 =>  170101,  27, 000808
04 19:33, 150101 =>  090601,   4, 000258
04 19:35, 150101 =>  100401,   3, 000693
04 19:55, 040101 =>  170101,  23, 000759
04 19:59, 040101 =>  230401,   5, 000408
04 20:01, 130101 =>  010101,   3, 000765
05 00:54, 040101 =>  081001,  64, 000471
05 00:56, 150101 =>  120401,   2, 000919
05 01:56, 130101 =>  200701,  71, 000703
05 02:14, 130101 =>  200101,  21, 000032
05 03:19, 040101 =>  040501,  77, 000086
05 04:14, 150101 =>  150801,  64, 000206
05 05:38, 040101 =>  250301,  99, 000708
05 06:14, 040101 =>  170301,  43, 000791
05 06:48, 040101 =>  210701,  40, 000208
05 07:04, 130101 =>  220401,  18, 000320
05 07:16, 130101 =>  130301,  15, 000707
05 08:07, 150101 =>  120601,  60, 000108
05 08:18, 040101 =>  050401,  12, 000429
05 08:34, 040101 =>  210901,  19, 000609
05 08:45, 040101 =>  230101,  13, 000447
05 09:06, 130101 =>  130201,  25, 000869
05 10:23, 150101 =>  150201,  91, 000246
05 10:35, 130101 =>  130501,  14, 000016
05 10:48, 040101 =>  080401,  15, 000296
05 11:21, 130101 =>  160801,  39, 000981
05 11:39, 040101 =>  230101,  21, 000023
05 12:33, 150101 =>  120101,  64, 000142
05 12:45, 130101 =>  220301,  13, 000346
05 13:14, 150101 =>  100601,  35, 000931
05 13:28, 040101 =>  210101,  16, 000515
05 13:31, 040101 =>  050601,   4, 000892
05 13:55, 130101 =>  160701,  28, 000509
05 14:04, 150101 =>  020201,  10, 000083
05 14:21, 130101 =>  130801,  20, 000235
05 14:28, 130101 =>  060701,   9, 000030
05 14:50, 150101 =>  090401,  26, 000651
05 15:52, 150101 =>  120301,  73, 000704
05 16:03, 040101 =>  080701,  13, 000250
05 16:08, 150101 =>  101001,   5, 000697
05 16:24, 150101 =>  022001,  19, 000224
05 16:34, 130101 =>  131001,  12, 000168
05 16:39, 040101 =>  180101,   6, 000127
05 17:15, 150101 =>  101101,  42, 000676
05 18:09, 150101 =>  150401,  64, 000408
05 19:06, 150101 =>  120601,  67, 000093
05 19:41, 150101 =>  100701,  41, 000746
05 19:55, 150101 =>  120801,  16, 000618
05 20:08, 150101 =>  021801,  16, 000057
05 20:18, 150101 =>  100901,  11, 000377
05 20:29, 150101 =>  020701,  13, 000893
05 20:32, 130101 =>  200401,   4, 000642
05 20:41, 150101 =>  110101,  10, 000130
05 20:46, 040101 =>  210801,   6, 000053
05 20:49, 040101 =>  051001,   4, 000469
05 20:53, 040101 =>  210101,   5, 000854
05 20:59, 130101 =>  130201,   7, 000377
05 21:09, 150101 =>  090501,  11, 000604
05 21:11, 040101 =>  051101,   3, 000911
05 21:13, 040101 =>  210801,   2, 000317
06 00:31, 130101 =>  220601,  37, 000171
06 00:45, 150101 =>  120801,  16, 000934
06 01:15, 150101 =>  021201,  36, 000924
06 01:21, 150101 =>  090601,   7, 000126
06 02:38, 040101 =>  180101,  91, 000057
06 03:01, 130101 =>  140101,  27, 000122
06 03:53, 150101 =>  100701,  61, 000182
06 04:15, 040101 =>  081101,  25, 000607
06 05:11, 130101 =>  010701,  66, 000848
06 05:25, 040101 =>  180201,  17, 000139
06 06:00, 130101 =>  220801,  41, 000990
06 06:53, 040101 =>  170201,  62, 000037
06 06:59, 130101 =>  130301,   7, 000411
06 07:44, 150101 =>  100601,  53, 000666
06 08:19, 150101 =>  101001,  42, 000574
06 09:04, 150101 =>  150601,  52, 000655
06 09:59, 150101 =>  110201,  65, 000705
06 10:57, 040101 =>  210501,  69, 000203
06 11:44, 040101 =>  030301,  55, 000355
06 13:02, 150101 =>  110101,  92, 000449
06 14:23, 150101 =>  020101,  95, 000615
06 14:59, 130101 =>  220101,  42, 000797
06 15:12, 150101 =>  090201,  16, 000238
06 15:34, 130101 =>  061001,  25, 000115
06 15:42, 130101 =>  010201,  10, 000163
06 16:01, 040101 =>  050101,  22, 000414
06 16:09, 040101 =>  080301,   9, 000539
06 16:26, 150101 =>  120301,  20, 000149
06 16:34, 130101 =>  140201,  10, 000996
06 17:15, 150101 =>  120301,  48, 000114
06 17:28, 040101 =>  210601,  16, 000410
06 17:40, 150101 =>  120401,  14, 000220
06 17:52, 130101 =>  060801,  14, 000284
06 18:04, 040101 =>  050201,  14, 000485
06 18:13, 040101 =>  030201,  10, 000466
06 18:36, 150101 =>  021401,  27, 000370
06 18:43, 040101 =>  030701,   9, 000295
06 19:10, 150101 =>  150901,  31, 000436
06 19:35, 150101 =>  021201,  30, 000214
06 19:52, 150101 =>  070101,  20, 000217
06 20:08, 040101 =>  050601,  19, 000054
06 20:15, 150101 =>  190301,   8, 000259
06 20:26, 040101 =>  210701,  13, 000159
06 20:29, 040101 =>  211001,   3, 000249
06 20:35, 130101 =>  220301,   7, 000402
06 20:41, 130101 =>  010501,   8, 000285
06 20:50, 150101 =>  120601,  10, 000113
06 20:57, 040101 =>  050501,   8, 000962
06 21:01, 150101 =>  100601,   5, 000739
06 21:09, 150101 =>  110501,  10, 000670
06 21:15, 040101 =>  050901,   6, 000054
06 21:17, 150101 =>  120601,   3, 000245
06 21:20, 040101 =>  080201,   3, 000664
06 21:25, 040101 =>  040201,   6, 000026
06 21:30, 150101 =>  021201,   6, 000291
06 21:33, 040101 =>  250301,   4, 000817
06 21:36, 040101 =>  050901,   3, 000784
06 21:39, 150101 =>  150201,   4, 000158
06 21:42, 150101 =>  100101,   3, 000518
06 21:45, 130101 =>  140101,   4, 000682
07 00:15, 040101 =>  210701,  18, 000949
07 01:33, 040101 =>  210501,  92, 000433
07 01:59, 150101 =>  070101,  31, 000017
07 02:45, 150101 =>  120201,  54, 000030
07 03:24, 040101 =>  051101,  45, 000571
07 03:59, 130101 =>  220301,  42, 000085
07 04:52, 130101 =>  060901,  62, 000872
07 04:54, 040101 =>  050601,   3, 000968
07 05:49, 150101 =>  021101,  64, 000655
07 06:53, 150101 =>  190101,  76, 000319
07 07:22, 040101 =>  030401,  34, 000964
07 07:33, 150101 =>  150401,  12, 000714
07 08:25, 150101 =>  100701,  62, 000748
07 08:30, 040101 =>  030701,   5, 000041
07 08:38, 130101 =>  220201,  10, 000327
07 09:36, 040101 =>  210601,  68, 000374
07 10:30, 150101 =>  120501,  64, 000303
07 11:09, 150101 =>  090501,  46, 000664
07 11:13, 130101 =>  131001,   4, 000290
07 11:16, 130101 =>  221001,   4, 000579
07 11:18, 150101 =>  100901,   2, 000427
07 11:27, 130101 =>  130601,  11, 000623
07 12:09, 150101 =>  020901,  49, 000730
07 13:11, 150101 =>  150301,  73, 000729
07 14:08, 150101 =>  020701,  67, 000339
07 14:37, 040101 =>  040601,  34, 000318
07 14:46, 150101 =>  020701,  11, 000325
07 15:18, 150101 =>  110201,  37, 000018
07 15:43, 130101 =>  200601,  30, 000045
07 15:56, 040101 =>  040201,  15, 000276
07 16:05, 150101 =>  150401,  11, 000359
07 16:24, 040101 =>  030701,  22, 000605
07 16:30, 150101 =>  100901,   7, 000301
07 16:32, 150101 =>  190301,   3, 000089
07 16:36, 040101 =>  050801,   4, 000724
07 16:47, 130101 =>  140301,  13, 000353
07 17:04, 150101 =>  150601,  20, 000257
07 17:26, 130101 =>  060401,  26, 000547
07 17:51, 040101 =>  211301,  30, 000097
07 18:02, 130101 =>  061001,  12, 000117
07 18:06, 130101 =>  130501,   5, 000617
07 18:09, 040101 =>  210101,   4, 000043
07 18:20, 150101 =>  100501,  13, 000020
07 18:37, 150101 =>  150801,  20, 000900
07 19:00, 130101 =>  060901,  27, 000308
07 19:06, 150101 =>  120401,   7, 000565
07 19:16, 150101 =>  070101,  12, 000321
07 19:23, 150101 =>  021701,   8, 000519
07 19:36, 130101 =>  060601,  15, 000517
07 19:40, 150101 =>  020201,   5, 000655
07 19:54, 130101 =>  220501,  16, 000345
07 19:56, 040101 =>  210801,   3, 000833
07 20:01, 150101 =>  150401,   6, 000540
07 20:05, 130101 =>  010101,   4, 000183
07 20:12, 040101 =>  250401,   9, 000141
07 20:24, 040101 =>  040301,  14, 000079
07 20:29, 150101 =>  021001,   5, 000340
07 20:36, 130101 =>  060301,   9, 000303
07 20:41, 150101 =>  070101,   5, 000865
07 20:44, 130101 =>  130201,   4, 000608
07 20:53, 040101 =>  081101,  11, 000828
07 21:06, 040101 =>  080201,  15, 000330
07 21:14, 040101 =>  040801,   9, 000722
07 21:17, 150101 =>  151001,   4, 000768
07 21:19, 150101 =>  110101,   2, 000138
08 01:17, 150101 =>  120101,  93, 000022
08 01:57, 150101 =>  021001,  48, 000262
08 02:01, 130101 =>  221001,   5, 000764
08 02:35, 040101 =>  080201,  41, 000901
08 03:40, 150101 =>  020601,  78, 000584
08 04:05, 150101 =>  020501,  29, 000735
08 05:08, 040101 =>  040301,  76, 000836
08 05:17, 130101 =>  240101,  11, 000119
08 05:39, 150101 =>  020901,  26, 000897
08 06:55, 150101 =>  090601,  91, 000416
08 07:00, 130101 =>  131001,   7, 000883
08 07:12, 130101 =>  200701,  14, 000882
08 08:09, 040101 =>  080201,  68, 000403
08 09:05, 150101 =>  120301,  68, 000497
08 09:38, 150101 =>  110101,  39, 000471
08 10:50, 150101 =>  021501,  87, 000555
08 11:14, 150101 =>  021001,  28, 000662
08 11:50, 150101 =>  110301,  43, 000644
08 12:20, 040101 =>  210401,  37, 000373
08 13:05, 040101 =>  051101,  53, 000441
08 13:38, 130101 =>  200601,  40, 000006
08 14:13, 040101 =>  040501,  42, 000465
08 14:27, 150101 =>  020901,  17, 000928
08 14:37, 150101 =>  100801,  12, 000838
08 14:45, 040101 =>  050601,  10, 000000
08 14:58, 040101 =>  170201,  15, 000305
08 15:03, 130101 =>  010101,   6, 000676
08 15:21, 040101 =>  030701,  22, 000783
08 15:29, 040101 =>  080701,   9, 000786
08 15:59, 150101 =>  100301,  36, 000021
08 16:15, 150101 =>  020301,  19, 000589
08 16:34, 040101 =>  210701,  23, 000229
08 16:36, 040101 =>  170201,   3, 000452
08 16:54, 040101 =>  211301,  21, 000535
08 17:09, 150101 =>  120701,  18, 000285
08 17:19, 150101 =>  070101,  12, 000851
08 17:25, 040101 =>  250301,   8, 000573
08 17:34, 150101 =>  020401,  10, 000863
08 17:40, 040101 =>  211101,   8, 000258
08 17:45, 150101 =>  120601,   6, 000722
08 17:50, 150101 =>  020701,   5, 000417
08 17:55, 150101 =>  150901,   7, 000858
08 17:59, 150101 =>  021401,   4, 000499
08 18:00, 150101 =>  101001,   2, 000717
08 18:04, 040101 =>  081001,   4, 000251
09 00:45, 130101 =>  200601,  55, 000920
09 01:30, 040101 =>  250201,  54, 000477
09 01:49, 150101 =>  100601,  22, 000503
09 02:30, 130101 =>  240101,  49, 000441
09 02:58, 040101 =>  081301,  34, 000724
09 04:18, 150101 =>  120501,  96, 000450
09 04:35, 040101 =>  030301,  21, 000955
09 05:47, 040101 =>  211201,  86, 000677
09 06:25, 150101 =>  090201,  45, 000562
09 07:12, 150101 =>  150801,  57, 000788
09 07:29, 130101 =>  010301,  20, 000482
09 07:52, 150101 =>  090701,  28, 000627
09 08:25, 130101 =>  160401,  40, 000778
09 08:37, 130101 =>  130301,  14, 000910
09 09:22, 150101 =>  151001,  54, 000205
09 09:53, 150101 =>  021401,  37, 000625
09 10:55, 150101 =>  090401,  74, 000148
09 11:54, 150101 =>  090201,  71, 000970
09 12:24, 150101 =>  021301,  36, 000132
09 13:08, 150101 =>  090201,  53, 000367
09 13:29, 130101 =>  240301,  25, 000590
09 13:48, 130101 =>  060101,  23, 000187
09 14:22, 150101 =>  100301,  41, 000818
09 14:42, 130101 =>  200501,  24, 000900
09 14:48, 150101 =>  110101,   7, 000142
09 14:58, 150101 =>  090501,  12, 000596
09 15:20, 150101 =>  100701,  26, 000690
09 16:08, 040101 =>  210101,  58, 000073
09 16:13, 150101 =>  021201,   6, 000683
09 16:29, 130101 =>  200201,  19, 000307
09 16:55, 150101 =>  100801,  31, 000759
09 17:28, 040101 =>  081201,  40, 000332
09 17:36, 150101 =>  090301,  10, 000857
09 17:43, 130101 =>  130401,   8, 000979
09 17:55, 150101 =>  020101,  15, 000095
09 18:05, 150101 =>  190301,  12, 000153
09 18:10, 130101 =>  220601,   6, 000193
09 18:25, 150101 =>  101001,  17, 000935
09 18:29, 150101 =>  090601,   5, 000274
09 18:50, 040101 =>  081201,  25, 000774
09 18:53, 150101 =>  120601,   4, 000243
09 19:15, 040101 =>  030701,  27, 000130
09 19:19, 040101 =>  080501,   4, 000406
09 19:23, 150101 =>  151001,   5, 000623
09 19:42, 040101 =>  050601,  23, 000394
09 19:51, 150101 =>  021301,  11, 000791
09 19:56, 130101 =>  160501,   6, 000893
09 20:10, 040101 =>  051101,  17, 000935
09 20:32, 040101 =>  180301,  26, 000661
09 20:38, 040101 =>  211201,   7, 000663
09 20:40, 150101 =>  090601,   3, 000391
09 20:49, 130101 =>  060101,  10, 000512
09 20:57, 040101 =>  080301,  10, 000841
09 21:00, 150101 =>  101001,   4, 000598
09 21:06, 130101 =>  010301,   7, 000168
09 21:10, 150101 =>  021901,   5, 000379
09 21:22, 040101 =>  250401,  14, 000257
09 21:25, 150101 =>  020601,   4, 000762
10 00:53, 150101 =>  021801,  64, 000454
10 02:14, 150101 =>  120401,  97, 000907
10 03:30, 040101 =>  250301,  91, 000902
10 04:26, 040101 =>  080801,  68, 000072
10 04:42, 150101 =>  090701,  19, 000390
10 05:22, 040101 =>  080301,  48, 000332
10 05:51, 150101 =>  100501,  35, 000304
10 06:20, 150101 =>  110501,  35, 000435
10 07:06, 130101 =>  010701,  55, 000568
10 07:45, 150101 =>  100901,  47, 000575
10 08:34, 040101 =>  170201,  58, 000469
10 08:42, 130101 =>  200101,  10, 000599
10 08:43, 150101 =>  100701,   1, 000333
10 09:35, 130101 =>  140301,  62, 000036
10 10:02, 130101 =>  130301,  33, 000083
10 10:25, 150101 =>  150601,  27, 000957
10 10:45, 130101 =>  160201,  25, 000155
10 11:04, 150101 =>  120401,  22, 000066
10 11:24, 150101 =>  021901,  24, 000951
10 11:33, 150101 =>  021401,  11, 000170
10 11:39, 150101 =>  100801,   7, 000267
10 11:41, 130101 =>  240201,   3, 000632
10 12:17, 150101 =>  110101,  43, 000199
10 12:27, 040101 =>  211301,  12, 000484
10 12:51, 130101 =>  130501,  29, 000181
10 13:27, 040101 =>  230401,  43, 000932
10 13:30, 150101 =>  110301,   3, 000267
10 14:20, 150101 =>  021801,  61, 000820
10 15:26, 150101 =>  070101,  79, 000371
10 15:38, 130101 =>  130601,  14, 000394
10 15:45, 150101 =>  021301,   9, 000500
10 15:49, 130101 =>  200701,   4, 000414
10 15:55, 150101 =>  101101,   7, 000952
10 15:57, 150101 =>  150701,   3, 000163
10 16:00, 150101 =>  070101,   4, 000962
10 16:20, 150101 =>  100401,  24, 000289
10 17:00, 150101 =>  021701,  48, 000400
10 17:26, 040101 =>  050701,  31, 000409
10 17:41, 150101 =>  100401,  18, 000705
10 17:53, 040101 =>  081101,  14, 000256
10 18:01, 040101 =>  210701,  10, 000656
10 18:10, 040101 =>  230201,  11, 000124
10 18:20, 150101 =>  070101,  12, 000818
10 18:26, 150101 =>  021701,   7, 000110
10 18:31, 150101 =>  021901,   6, 000309
10 18:52, 150101 =>  100601,  25, 000657
10 18:55, 130101 =>  010701,   4, 000119
10 19:07, 150101 =>  020501,  14, 000332
10 19:14, 150101 =>  021101,   8, 000905
10 19:25, 040101 =>  210801,  13, 000739
10 19:34, 040101 =>  030201,  11, 000544
10 19:36, 150101 =>  020301,   3, 000350
10 19:45, 150101 =>  110401,  10, 000795
10 19:50, 150101 =>  110101,   7, 000117
10 19:55, 150101 =>  190301,   5, 000034
10 20:11, 040101 =>  081001,  20, 000070
10 20:14, 040101 =>  250401,   3, 000836
10 20:17, 150101 =>  020201,   4, 000242
11 00:54, 130101 =>  160101,  67, 000529
11 01:29, 150101 =>  120301,  43, 000648
11 02:35, 040101 =>  040601,  81, 000320
11 02:59, 150101 =>  120701,  29, 000845
11 03:48, 130101 =>  061101,  60, 000760
11 04:02, 040101 =>  210501,  17, 000821
11 04:37, 150101 =>  021801,  43, 000597
11 05:42, 150101 =>  021601,  79, 000176
11 06:04, 130101 =>  010301,  27, 000167
11 06:25, 040101 =>  210101,  26, 000716
11 07:01, 150101 =>  020301,  44, 000687
11 07:43, 040101 =>  210101,  52, 000096
11 08:46, 040101 =>  210701,  77, 000216
11 10:00, 150101 =>  070101,  90, 000275
11 10:35, 040101 =>  080501,  43, 000581
11 11:00, 150101 =>  090401,  31, 000521
11 11:50, 150101 =>  020101,  61, 000689
11 12:13, 130101 =>  220201,  28, 000923
11 12:35, 150101 =>  020701,  27, 000135
11 13:11, 040101 =>  170101,  44, 000497
11 14:07, 150101 =>  100501,  69, 000362
11 14:33, 040101 =>  210701,  32, 000446
11 15:03, 150101 =>  100901,  36, 000106
11 15:22, 150101 =>  090101,  23, 000785
11 15:39, 150101 =>  100401,  22, 000529
11 16:05, 150101 =>  020401,  31, 000863
11 16:11, 150101 =>  100701,   7, 000828
11 16:27, 130101 =>  140201,  20, 000520
11 16:32, 150101 =>  101101,   6, 000715
11 16:49, 130101 =>  160301,  21, 000097
11 17:17, 150101 =>  070101,  35, 000726
11 17:39, 130101 =>  130201,  26, 000206
11 17:42, 150101 =>  151001,   4, 000744
11 17:55, 040101 =>  040801,  16, 000987
11 18:09, 130101 =>  220201,  17, 000627
11 18:22, 150101 =>  110401,  16, 000801
11 18:49, 150101 =>  021601,  33, 000013
11 19:00, 130101 =>  200701,  14, 000906
11 19:09, 150101 =>  021901,  11, 000839
11 19:21, 150101 =>  090201,  14, 000784
11 19:33, 150101 =>  022001,  15, 000921
11 19:41, 150101 =>  090201,  10, 000287
11 19:48, 130101 =>  200201,   8, 000190
11 19:55, 150101 =>  090101,   9, 000716
11 20:17, 040101 =>  050801,  27, 000084
11 20:20, 150101 =>  021701,   4, 000191
11 20:24, 150101 =>  100101,   4, 000549
11 20:26, 150101 =>  021501,   3, 000798
11 20:32, 040101 =>  170201,   7, 000558
12 00:37, 130101 =>  010301,  46, 000193
12 01:51, 040101 =>  210801,  91, 000531
12 02:08, 130101 =>  160401,  20, 000982
12 02:19, 150101 =>  090601,  14, 000343
12 02:49, 150101 =>  110401,  36, 000161
12 02:58, 150101 =>  100801,  11, 000714
12 03:41, 150101 =>  150601,  53, 000614
12 04:36, 040101 =>  230401,  67, 000025
12 05:02, 150101 =>  021501,  33, 000811
12 05:35, 130101 =>  061301,  40, 000385
12 05:44, 150101 =>  020301,  11, 000254
12 06:26, 130101 =>  060701,  51, 000531
12 07:29, 150101 =>  021401,  78, 000767
12 07:47, 040101 =>  230401,  22, 000906
12 08:10, 150101 =>  150401,  27, 000208
12 08:29, 130101 =>  160601,  24, 000764
12 08:57, 040101 =>  210901,  34, 000025
12 09:13, 150101 =>  020801,  20, 000240
12 09:55, 150101 =>  150201,  51, 000359
12 10:05, 150101 =>  150701,  12, 000045
12 11:07, 150101 =>  022001,  76, 000950
12 11:21, 130101 =>  061201,  17, 000804
12 12:13, 040101 =>  030201,  64, 000162
12 12:37, 150101 =>  150201,  29, 000183
12 13:21, 040101 =>  080801,  55, 000303
12 14:24, 150101 =>  120701,  76, 000114
12 14:51, 040101 =>  230301,  34, 000606
12 15:17, 150101 =>  020301,  31, 000302
12 15:25, 130101 =>  200101,  10, 000210
12 16:19, 150101 =>  120501,  66, 000173
12 16:46, 150101 =>  021801,  34, 000064
12 17:16, 150101 =>  021801,  36, 000426
12 17:36, 150101 =>  150701,  25, 000465
12 17:51, 040101 =>  230301,  18, 000736
12 17:58, 040101 =>  081001,   9, 000934
12 18:02, 130101 =>  130301,   5, 000533
12 18:15, 040101 =>  030301,  16, 000713
12 18:18, 040101 =>  210701,   3, 000165
12 18:35, 130101 =>  140101,  21, 000774
12 18:54, 150101 =>  022001,  23, 000701
12 18:56, 040101 =>  230101,   3, 000060
12 19:11, 150101 =>  120101,  18, 000089
12 19:15, 150101 =>  020501,   5, 000176
12 19:22, 150101 =>  021301,   8, 000743
12 19:25, 150101 =>  070101,   4, 000460
12 19:31, 040101 =>  030101,   7, 000580
12 19:36, 150101 =>  021501,   6, 000418
12 19:40, 150101 =>  120401,   5, 000405
12 19:43, 150101 =>  020801,   4, 000355
12 19:44, 150101 =>  020601,   2, 000469
12 19:56, 040101 =>  210801,  14, 000563
12 20:02, 040101 =>  210701,   7, 000132
12 20:10, 040101 =>  210301,  10, 000804
12 20:13, 040101 =>  051001,   4, 000127
12 20:19, 040101 =>  040601,   7, 000826
12 20:21, 040101 =>  210901,   3, 000748
12 20:25, 040101 =>  040401,   4, 000151
13 01:12, 150101 =>  090501,  89, 000125
13 01:30, 130101 =>  131001,  22, 000393
13 01:49, 130101 =>  130301,  23, 000847
13 02:28, 150101 =>  150701,  48, 000097
13 02:35, 130101 =>  060701,   9, 000091
13 02:57, 150101 =>  101101,  26, 000961
13 04:01, 040101 =>  050301,  79, 000690
13 04:41, 150101 =>  021001,  49, 000826
13 05:07, 150101 =>  120501,  31, 000427
13 05:46, 150101 =>  021701,  48, 000638
13 06:07, 150101 =>  020101,  26, 000432
13 06:17, 130101 =>  130301,  12, 000863
13 06:36, 130101 =>  061201,  23, 000709
13 07:17, 130101 =>  130301,  51, 000902
13 07:59, 150101 =>  120601,  51, 000742
13 08:16, 040101 =>  040801,  21, 000720
13 08:38, 040101 =>  081001,  27, 000623
13 09:13, 040101 =>  030601,  43, 000676
13 09:32, 130101 =>  060301,  23, 000015
13 09:39, 150101 =>  020201,   9, 000548
13 10:46, 150101 =>  020801,  82, 000318
13 11:51, 150101 =>  100201,  79, 000437
13 12:27, 150101 =>  120501,  44, 000124
13 12:59, 150101 =>  090101,  39, 000579
13 13:31, 130101 =>  130201,  40, 000584
13 13:57, 150101 =>  150901,  32, 000507
13 14:18, 040101 =>  040801,  25, 000349
13 14:25, 130101 =>  220401,   9, 000898
13 14:30, 130101 =>  220901,   6, 000373
13 14:49, 130101 =>  160401,  23, 000428
13 15:12, 150101 =>  020301,  28, 000428
13 15:37, 150101 =>  120901,  31, 000289
13 16:02, 150101 =>  100101,  30, 000469
13 16:05, 150101 =>  021001,   4, 000201
13 16:35, 040101 =>  170101,  37, 000826
13 16:46, 150101 =>  090201,  14, 000591
13 16:57, 150101 =>  090401,  13, 000335
13 17:03, 130101 =>  061001,   7, 000982
13 17:58, 040101 =>  050701,  67, 000037
13 18:06, 040101 =>  211201,  11, 000861
13 18:49, 040101 =>  080501,  52, 000239
13 18:56, 150101 =>  020901,   9, 000716
13 19:02, 150101 =>  120701,   7, 000685
13 19:21, 040101 =>  210401,  23, 000967
13 19:27, 150101 =>  021601,   7, 000142
13 19:31, 150101 =>  110501,   5, 000668
13 19:33, 150101 =>  100801,   3, 000791
13 19:46, 130101 =>  130301,  16, 000646
13 19:50, 130101 =>  130901,   5, 000653
14 00:26, 150101 =>  190301,  32, 000260
14 00:36, 040101 =>  050401,  13, 000762
14 00:47, 130101 =>  200201,  13, 000815
14 00:52, 040101 =>  030701,   6, 000871
14 01:17, 040101 =>  080801,  31, 000579
14 01:37, 150101 =>  110201,  24, 000601
14 02:28, 040101 =>  080701,  63, 000721
14 03:25, 040101 =>  230401,  70, 000346
14 04:22, 150101 =>  021201,  69, 000257
14 05:03, 040101 =>  030701,  51, 000018
14 05:43, 130101 =>  140301,  49, 000487
14 06:04, 130101 =>  060301,  25, 000175
14 06:33, 040101 =>  080601,  36, 000776
14 07:27, 150101 =>  100301,  66, 000500
14 08:16, 040101 =>  030401,  60, 000790
14 08:54, 130101 =>  130301,  46, 000180
14 09:36, 150101 =>  150201,  52, 000803
14 10:08, 040101 =>  211001,  39, 000020
14 10:57, 150101 =>  120601,  60, 000031
14 11:03, 130101 =>  131001,   7, 000669
14 11:45, 150101 =>  090701,  52, 000633
14 12:30, 150101 =>  020901,  55, 000830
14 13:33, 150101 =>  021901,  77, 000402
14 14:27, 150101 =>  150501,  66, 000218
14 15:13, 150101 =>  090701,  57, 000671
14 15:57, 150101 =>  120301,  54, 000261
14 16:06, 150101 =>  090601,  10, 000886
14 16:12, 150101 =>  120901,   8, 000154
14 16:31, 130101 =>  010701,  23, 000511
14 16:57, 130101 =>  060601,  32, 000702
14 17:04, 150101 =>  090401,   8, 000911
14 17:10, 130101 =>  220501,   8, 000302
14 17:16, 130101 =>  200101,   7, 000533
14 17:35, 150101 =>  090601,  23, 000363
14 17:52, 150101 =>  150501,  21, 000349
14 17:56, 150101 =>  100201,   5, 000278
14 18:17, 130101 =>  131101,  26, 000995
14 18:30, 040101 =>  250401,  16, 000039
14 18:44, 150101 =>  120801,  17, 000055
14 18:56, 130101 =>  130701,  15, 000997
14 19:15, 130101 =>  130901,  23, 000795
14 19:19, 150101 =>  020401,   5, 000797
14 19:26, 150101 =>  101001,   8, 000199
14 19:39, 130101 =>  130601,  16, 000294
14 19:42, 130101 =>  130901,   4, 000122
14 19:49, 130101 =>  240101,   9, 000404
14 20:06, 040101 =>  050901,  20, 000414
14 20:11, 130101 =>  220601,   6, 000547
14 20:15, 150101 =>  150701,   5, 000447
14 20:20, 150101 =>  100701,   6, 000104
14 20:26, 150101 =>  020301,   8, 000352
14 20:33, 150101 =>  110101,   9, 000940
14 20:38, 150101 =>  101001,   6, 000747
14 20:42, 040101 =>  040401,   5, 000240
14 20:45, 130101 =>  010601,   3, 000192
14 21:05, 040101 =>  040301,  24, 000431
14 21:08, 150101 =>  100201,   4, 000646
14 21:14, 040101 =>  080501,   7, 000548
14 21:14, 150101 =>  100901,   1, 000696
14 21:17, 130101 =>  061001,   3, 000181
14 21:20, 130101 =>  220901,   4, 000639
15 01:16, 150101 =>  110101,  96, 000395
15 01:26, 130101 =>  010701,  12, 000162
15 02:28, 150101 =>  021701,  78, 000518
15 02:29, 150101 =>  120601,   1, 000866
15 03:49, 150101 =>  151001, 100, 000914
15 04:43, 040101 =>  210501,  67, 000342
15 05:30, 130101 =>  160201,  59, 000163
15 05:56, 040101 =>  050501,  33, 000418
15 06:32, 150101 =>  020101,  45, 000522
15 07:32, 130101 =>  220501,  74, 000099
15 07:37, 130101 =>  160801,   7, 000197
15 07:38, 150101 =>  100101,   1, 000171
15 08:37, 040101 =>  180301,  74, 000833
15 08:56, 130101 =>  200701,  24, 000114
15 09:18, 150101 =>  120501,  27, 000826
15 10:02, 040101 =>  250301,  55, 000896
15 10:28, 040101 =>  250301,  33, 000356
15 10:36, 040101 =>  050901,   9, 000521
15 10:55, 130101 =>  160301,  24, 000475
15 10:57, 150101 =>  150401,   3, 000473
15 11:15, 150101 =>  020901,  22, 000488
15 11:28, 150101 =>  150301,  16, 000281
15 12:24, 150101 =>  120101,  71, 000558
15 12:31, 040101 =>  210201,   8, 000490
15 13:44, 150101 =>  101001,  92, 000250
15 14:41, 150101 =>  090401,  71, 000231
15 15:09, 040101 =>  210401,  35, 000230
15 15:21, 150101 =>  120801,  15, 000341
15 15:40, 040101 =>  250401,  24, 000342
15 16:04, 130101 =>  220801,  30, 000704
15 16:15, 150101 =>  120701,  13, 000133
15 16:44, 150101 =>  021001,  37, 000708
15 17:04, 150101 =>  021601,  25, 000957
15 17:17, 040101 =>  210401,  16, 000910
15 17:24, 150101 =>  150801,   8, 000235
15 17:44, 130101 =>  160301,  26, 000148
15 17:52, 150101 =>  120101,  10, 000049
15 18:08, 040101 =>  210501,  19, 000783
15 18:12, 150101 =>  120701,   5, 000599
15 18:31, 150101 =>  100601,  24, 000689
15 18:43, 040101 =>  051101,  15, 000136
15 19:00, 130101 =>  010501,  22, 000650
15 19:12, 150101 =>  090601,  14, 000222
15 19:22, 130101 =>  220201,  13, 000220
15 19:25, 130101 =>  220301,   4, 000250
15 19:31, 040101 =>  050301,   7, 000665
15 19:34, 150101 =>  110301,   4, 000229
15 19:46, 040101 =>  080101,  15, 000485
15 19:50, 130101 =>  060901,   5, 000188
15 19:56, 150101 =>  120501,   7, 000527
15 20:00, 150101 =>  110501,   6, 000539
15 20:03, 130101 =>  140201,   3, 000839
15 20:17, 040101 =>  080401,  18, 000350
15 20:22, 130101 =>  010101,   6, 000963
15 20:25, 130101 =>  061001,   4, 000485
15 20:30, 150101 =>  120301,   6, 000601
15 20:45, 040101 =>  050901,  19, 000833
15 20:52, 150101 =>  020801,   8, 000294
15 20:56, 150101 =>  090401,   6, 000140
15 20:59, 150101 =>  120801,   3, 000778
16 01:11, 150101 =>  020901,  89, 000113
16 02:08, 040101 =>  080601,  72, 000642
16 02:20, 150101 =>  021601,  15, 000785
16 03:02, 150101 =>  150801,  52, 000298
16 03:53, 150101 =>  120601,  64, 000155
16 04:16, 040101 =>  040801,  29, 000678
16 04:20, 150101 =>  020101,   4, 000984
16 05:37, 040101 =>  180301,  97, 000723
16 06:56, 130101 =>  220101,  99, 000259
16 08:01, 150101 =>  120701,  81, 000890
16 08:48, 130101 =>  130201,  59, 000766
16 09:04, 150101 =>  100901,  19, 000622
16 09:45, 130101 =>  060501,  52, 000279
16 10:04, 130101 =>  200801,  23, 000486
16 10:43, 150101 =>  021901,  49, 000350
16 10:46, 150101 =>  090201,   4, 000540
16 11:47, 150101 =>  120701,  76, 000650
16 13:01, 150101 =>  090101,  93, 000635
16 13:50, 150101 =>  100501,  61, 000130
16 14:40, 150101 =>  021001,  62, 000433
16 15:15, 150101 =>  190301,  44, 000741
16 15:39, 150101 =>  110401,  30, 000662
16 16:16, 040101 =>  030101,  47, 000811
16 16:51, 040101 =>  051001,  43, 000803
16 17:06, 130101 =>  240301,  19, 000714
16 17:33, 040101 =>  040401,  34, 000075
16 17:52, 130101 =>  060101,  23, 000663
16 17:56, 150101 =>  021501,   6, 000126
16 18:07, 130101 =>  160101,  13, 000096
16 18:24, 150101 =>  090201,  22, 000013
16 18:35, 150101 =>  020901,  13, 000977
16 18:37, 130101 =>  220501,   3, 000720
16 19:04, 040101 =>  081101,  33, 000207
16 19:10, 130101 =>  010301,   8, 000095
16 19:18, 150101 =>  150701,  10, 000899
16 19:25, 040101 =>  210601,   9, 000460
16 19:31, 150101 =>  120701,   7, 000570
16 19:36, 150101 =>  120401,   6, 000592
16 19:39, 150101 =>  020501,   4, 000564
16 19:46, 130101 =>  010501,   9, 000449
16 19:47, 150101 =>  100501,   1, 000186
16 20:02, 040101 =>  081101,  19, 000278
17 00:12, 150101 =>  070101,  16, 000255
17 00:21, 040101 =>  210801,  12, 000695
17 01:02, 150101 =>  120801,  52, 000062
17 01:35, 150101 =>  020301,  42, 000812
17 02:41, 130101 =>  240301,  84, 000608
17 03:38, 150101 =>  150401,  73, 000204
17 03:40, 040101 =>  211201,   3, 000675
17 04:17, 130101 =>  200401,  47, 000919
17 04:45, 040101 =>  170101,  35, 000850
17 04:56, 040101 =>  211001,  15, 000842
17 05:18, 130101 =>  200201,  27, 000982
17 05:54, 130101 =>  130801,  47, 000269
17 06:23, 130101 =>  061201,  37, 000857
17 06:37, 130101 =>  060401,  18, 000748
17 07:43, 040101 =>  030501,  84, 000353
17 08:30, 040101 =>  051101,  60, 000009
17 09:07, 150101 =>  100601,  47, 000393
17 09:21, 130101 =>  131001,  18, 000520
17 09:24, 040101 =>  030401,   3, 000004
17 09:26, 040101 =>  080101,   3, 000553
17 09:52, 150101 =>  021601,  33, 000342
17 09:54, 130101 =>  220701,   3, 000568
17 10:34, 150101 =>  150601,  51, 000495
17 11:46, 150101 =>  100601,  92, 000803
17 11:51, 130101 =>  010501,   6, 000829
17 12:03, 150101 =>  100101,  16, 000602
17 12:39, 150101 =>  021001,  45, 000134
17 12:45, 040101 =>  040301,   8, 000300
17 13:21, 150101 =>  020601,  46, 000700
17 13:31, 130101 =>  010701,  13, 000023
17 13:48, 150101 =>  100201,  22, 000292
17 14:50, 040101 =>  211301,  79, 000968
17 15:07, 150101 =>  100501,  21, 000847
17 15:25, 150101 =>  020601,  24, 000450
17 15:59, 150101 =>  100901,  43, 000924
17 16:16, 150101 =>  020301,  21, 000107
17 16:37, 040101 =>  210501,  28, 000699
17 16:46, 130101 =>  220201,  11, 000466
17 17:01, 150101 =>  150901,  19, 000352
17 17:07, 130101 =>  130701,   8, 000008
17 17:35, 040101 =>  250201,  35, 000931
17 17:38, 130101 =>  130401,   4, 000296
17 18:10, 150101 =>  090101,  41, 000410
17 18:39, 150101 =>  110301,  37, 000530
17 18:41, 150101 =>  120101,   3, 000101
17 19:06, 040101 =>  040801,  32, 000129
17 19:09, 130101 =>  200601,   3, 000285
17 19:26, 150101 =>  190101,  22, 000144
17 19:31, 150101 =>  100301,   6, 000750
17 19:40, 150101 =>  120301,  12, 000182
17 19:52, 150101 =>  100801,  15, 000130
17 19:56, 150101 =>  101001,   5, 000208
17 20:00, 150101 =>  120401,   5, 000027
17 20:03, 150101 =>  101101,   4, 000587
17 20:06, 150101 =>  020401,   4, 000164
17 20:09, 130101 =>  130801,   4, 000115
18 00:53, 040101 =>  050701,  68, 000670
18 02:05, 040101 =>  050701,  92, 000776
18 02:28, 130101 =>  131101,  29, 000928
18 03:13, 150101 =>  150401,  58, 000244
18 03:17, 150101 =>  101001,   5, 000718
18 03:44, 040101 =>  050901,  35, 000690
18 03:54, 150101 =>  090501,  12, 000946
18 04:45, 150101 =>  120601,  66, 000839
18 04:46, 150101 =>  110301,   1, 000493
18 05:21, 150101 =>  120601,  45, 000223
18 05:25, 040101 =>  040801,   4, 000923
18 05:37, 150101 =>  021101,  16, 000896
18 05:43, 040101 =>  040501,   8, 000948
18 05:47, 130101 =>  010201,   4, 000573
18 05:50, 040101 =>  211301,   5, 000572
18 06:22, 150101 =>  020201,  40, 000785
18 07:09, 150101 =>  020101,  60, 000760
18 07:22, 040101 =>  080601,  17, 000970
18 07:26, 040101 =>  081101,   5, 000435
18 08:23, 130101 =>  140201,  73, 000604
18 08:33, 150101 =>  021901,  13, 000899
18 09:24, 040101 =>  180301,  64, 000981
18 09:55, 130101 =>  200101,  40, 000637
18 10:14, 150101 =>  021201,  25, 000135
18 10:19, 150101 =>  090501,   6, 000949
18 11:18, 150101 =>  100901,  75, 000029
18 11:26, 040101 =>  040401,  10, 000897
18 12:10, 040101 =>  050701,  56, 000956
18 12:14, 130101 =>  060701,   6, 000244
18 13:26, 150101 =>  090301,  92, 000229
18 14:02, 130101 =>  160501,  45, 000109
18 14:27, 150101 =>  100901,  32, 000212
18 14:41, 150101 =>  021901,  18, 000198
18 14:45, 040101 =>  040401,   5, 000482
18 14:55, 040101 =>  180301,  13, 000179
18 14:59, 130101 =>  130901,   5, 000805
18 15:29, 150101 =>  020901,  39, 000564
18 16:14, 150101 =>  090101,  57, 000959
18 16:22, 150101 =>  100701,  10, 000877
18 16:28, 150101 =>  100901,   8, 000543
18 16:32, 150101 =>  100101,   5, 000049
18 16:59, 130101 =>  220301,  35, 000544
18 17:03, 130101 =>  240201,   4, 000728
18 17:35, 150101 =>  021401,  41, 000788
18 17:42, 040101 =>  250101,   9, 000658
18 18:07, 150101 =>  021401,  32, 000916
18 18:29, 040101 =>  210201,  28, 000618
18 18:44, 040101 =>  211101,  19, 000381
18 18:50, 150101 =>  100901,   8, 000234
18 18:59, 150101 =>  120901,  12, 000173
18 19:13, 150101 =>  150901,  17, 000683
18 19:27, 040101 =>  030601,  18, 000030
18 19:36, 150101 =>  020301,  12, 000727
18 19:38, 130101 =>  200501,   3, 000681
18 19:49, 040101 =>  050701,  13, 000901
18 19:53, 150101 =>  100801,   5, 000666
18 19:57, 150101 =>  120901,   6, 000432
18 20:00, 150101 =>  150501,   4, 000589
18 20:03, 150101 =>  190301,   3, 000518
18 20:08, 040101 =>  050901,   7, 000910
18 20:19, 130101 =>  061201,  14, 000216
18 20:22, 150101 =>  110301,   3, 000653
18 20:29, 040101 =>  050401,   9, 000886
18 20:32, 040101 =>  081301,   4, 000278
18 20:34, 150101 =>  120801,   3, 000638
18 20:37, 040101 =>  230301,   4, 000045
19 00:40, 040101 =>  211001,  52, 000335
19 01:56, 150101 =>  101101,  97, 000302
19 02:57, 150101 =>  021701,  78, 000892
19 04:13, 150101 =>  090701,  97, 000057
19 04:15, 150101 =>  120901,   2, 000226
19 05:04, 150101 =>  100601,  63, 000042
19 05:35, 150101 =>  120901,  39, 000786
19 05:52, 040101 =>  051101,  22, 000881
19 06:01, 130101 =>  010601,  12, 000534
19 06:35, 150101 =>  120101,  43, 000955
19 06:55, 150101 =>  090701,  25, 000787
19 07:49, 130101 =>  200501,  69, 000919
19 08:04, 150101 =>  090501,  20, 000075
19 08:52, 040101 =>  170201,  61, 000343
19 09:45, 130101 =>  061301,  68, 000043
19 10:33, 150101 =>  150601,  61, 000212
19 10:38, 040101 =>  210601,   6, 000955
19 11:26, 040101 =>  211101,  62, 000141
19 12:28, 040101 =>  030601,  78, 000635
19 12:32, 130101 =>  130601,   6, 000370
19 12:36, 150101 =>  120901,   5, 000052
19 12:56, 150101 =>  110301,  25, 000559
19 13:20, 040101 =>  030301,  31, 000129
19 13:59, 040101 =>  050601,  50, 000706
19 14:32, 040101 =>  050401,  42, 000563
19 14:45, 040101 =>  050801,  16, 000228
19 15:41, 150101 =>  120301,  72, 000400
19 16:19, 150101 =>  150401,  48, 000610
19 16:27, 150101 =>  090401,  10, 000715
19 16:29, 150101 =>  021001,   3, 000105
19 16:37, 040101 =>  050301,  10, 000900
19 16:49, 040101 =>  080501,  16, 000707
19 17:14, 130101 =>  160801,  31, 000217
19 17:41, 150101 =>  090301,  35, 000786
19 17:50, 150101 =>  020601,  11, 000802
19 18:11, 130101 =>  010401,  28, 000357
19 18:19, 150101 =>  151001,  10, 000307
19 18:34, 150101 =>  101101,  19, 000347
19 18:51, 150101 =>  090401,  22, 000375
19 19:02, 150101 =>  090701,  13, 000000
19 19:10, 040101 =>  230301,  11, 000144
19 19:15, 040101 =>  210501,   6, 000564
19 19:21, 150101 =>  020501,   8, 000649
19 19:36, 130101 =>  010201,  19, 000497
19 19:45, 040101 =>  250301,  12, 000211
19 19:48, 040101 =>  180301,   3, 000306
19 20:02, 130101 =>  131001,  18, 000858
19 20:08, 150101 =>  110501,   8, 000944
19 20:11, 150101 =>  100701,   4, 000997
19 20:28, 130101 =>  240101,  21, 000880
19 20:30, 150101 =>  020901,   3, 000132
19 20:33, 150101 =>  090301,   4, 000836
19 20:39, 040101 =>  050201,   7, 000760
19 20:41, 150101 =>  100201,   3, 000153
20 00:56, 150101 =>  021701,  72, 000353
20 01:48, 150101 =>  020801,  67, 000461
20 02:02, 040101 =>  250201,  17, 000503
20 02:10, 150101 =>  021801,  11, 000338
20 02:17, 040101 =>  040701,   9, 000556
20 02:31, 130101 =>  060401,  17, 000002
20 03:40, 150101 =>  150801,  89, 000412
20 03:50, 040101 =>  051001,  12, 000583
20 04:11, 040101 =>  081001,  27, 000955
20 05:04, 130101 =>  200701,  68, 000164
20 05:54, 040101 =>  250201,  64, 000057
20 06:43, 040101 =>  080901,  62, 000383
20 06:55, 040101 =>  080301,  15, 000867
20 07:59, 040101 =>  040801,  82, 000830
20 08:44, 040101 =>  040201,  57, 000012
20 08:46, 130101 =>  010201,   3, 000790
20 09:31, 150101 =>  021401,  58, 000199
20 10:32, 150101 =>  070101,  78, 000020
20 10:51, 130101 =>  220101,  24, 000033
20 11:41, 130101 =>  160201,  63, 000468
20 11:52, 130101 =>  060201,  15, 000754
20 12:16, 130101 =>  200801,  30, 000041
20 12:40, 040101 =>  030301,  31, 000922
20 13:00, 150101 =>  022001,  26, 000168
20 13:33, 150101 =>  020701,  42, 000406
20 13:48, 150101 =>  100901,  19, 000332
20 14:03, 150101 =>  020101,  19, 000927
20 14:14, 040101 =>  080801,  14, 000744
20 14:23, 040101 =>  080101,  11, 000033
20 14:26, 040101 =>  030701,   4, 000178
20 14:33, 150101 =>  150301,   9, 000301
20 14:57, 040101 =>  210201,  31, 000128
20 15:08, 150101 =>  190301,  14, 000192
20 15:40, 150101 =>  190101,  40, 000933
20 15:54, 130101 =>  130301,  19, 000405
20 16:09, 130101 =>  010201,  19, 000995
20 16:35, 150101 =>  100701,  33, 000533
20 16:55, 130101 =>  220901,  25, 000583
20 16:59, 040101 =>  080701,   6, 000876
20 17:05, 150101 =>  150801,   7, 000557
20 17:15, 130101 =>  130801,  13, 000639
20 17:35, 150101 =>  020201,  26, 000478
20 17:43, 150101 =>  120101,  10, 000091
20 17:48, 150101 =>  120501,   6, 000604
20 17:56, 040101 =>  080501,  10, 000450
20 18:01, 130101 =>  061001,   7, 000781
20 18:19, 150101 =>  100801,  23, 000981
20 18:27, 130101 =>  200801,  10, 000883
20 18:30, 150101 =>  022001,   4, 000203
20 18:40, 040101 =>  081001,  12, 000147
20 18:42, 130101 =>  060901,   3, 000472
20 18:52, 040101 =>  051001,  13, 000836
20 18:58, 040101 =>  250101,   7, 000837
20 19:16, 150101 =>  021001,  23, 000313
20 19:45, 150101 =>  150701,  37, 000875
20 19:47, 040101 =>  081101,   3, 000263
20 19:59, 150101 =>  021501,  15, 000653
20 20:16, 150101 =>  100501,  22, 000062
20 20:19, 040101 =>  230301,   4, 000801
20 20:29, 150101 =>  090601,  13, 000158
20 20:33, 040101 =>  030501,   5, 000961
20 20:36, 130101 =>  240301,   4, 000931
20 20:40, 040101 =>  210901,   4, 000992
20 20:50, 150101 =>  100101,  13, 000204
20 20:53, 150101 =>  150401,   4, 000540
20 20:58, 130101 =>  160601,   6, 000247
20 21:03, 150101 =>  090501,   7, 000408
20 21:05, 040101 =>  051101,   2, 000369
21 00:35, 040101 =>  210201,  45, 000840
21 01:39, 150101 =>  110201,  82, 000297
21 02:34, 130101 =>  220201,  70, 000812
21 02:49, 150101 =>  022001,  19, 000276
21 03:23, 130101 =>  010101,  44, 000853
21 03:58, 130101 =>  130501,  45, 000032
21 04:02, 130101 =>  220701,   4, 000506
21 05:05, 150101 =>  100701,  81, 000454
21 05:25, 150101 =>  021501,  25, 000571
21 06:01, 150101 =>  020701,  47, 000892
21 06:02, 040101 =>  040701,   1, 000477
21 06:19, 130101 =>  200501,  22, 000887
21 07:15, 150101 =>  120501,  71, 000503
21 07:53, 150101 =>  151001,  49, 000054
21 07:56, 040101 =>  051001,   3, 000167
21 07:59, 150101 =>  021901,   4, 000640
21 08:15, 040101 =>  210301,  20, 000672
21 08:32, 040101 =>  030501,  22, 000465
21 08:41, 130101 =>  130701,  12, 000702
21 08:47, 150101 =>  020201,   7, 000719
21 09:38, 040101 =>  180201,  66, 000182
21 09:54, 040101 =>  180301,  20, 000429
21 10:24, 150101 =>  110201,  38, 000388
21 11:23, 150101 =>  090101,  75, 000335
21 11:45, 040101 =>  210901,  29, 000316
21 12:05, 040101 =>  081201,  25, 000434
21 12:45, 150101 =>  100101,  51, 000019
21 13:40, 150101 =>  021001,  70, 000525
21 14:10, 040101 =>  050201,  39, 000111
21 14:17, 150101 =>  151001,   9, 000136
21 14:27, 040101 =>  230101,  13, 000716
21 14:31, 150101 =>  020401,   4, 000234
21 14:58, 040101 =>  080701,  35, 000210
21 15:25, 130101 =>  130601,  34, 000862
21 15:27, 130101 =>  130401,   3, 000070
21 16:17, 150101 =>  100201,  64, 000335
21 16:25, 130101 =>  130201,  10, 000680
21 16:34, 130101 =>  220201,  12, 000555
21 16:50, 130101 =>  200801,  20, 000653
21 17:10, 150101 =>  150501,  26, 000974
21 17:35, 150101 =>  022001,  32, 000394
21 17:39, 150101 =>  101001,   4, 000308
21 18:15, 040101 =>  210101,  46, 000147
21 18:22, 040101 =>  170301,  10, 000544
21 18:37, 040101 =>  050501,  18, 000208
21 18:51, 150101 =>  020601,  19, 000055
21 18:58, 130101 =>  131001,   8, 000462
21 19:08, 150101 =>  090301,  13, 000320
21 19:27, 040101 =>  050101,  25, 000605
21 19:38, 150101 =>  100601,  13, 000384
21 19:56, 040101 =>  230301,  23, 000544
21 20:00, 150101 =>  021601,   5, 000450
21 20:08, 150101 =>  020901,  11, 000562
21 20:12, 150101 =>  150901,   5, 000977
21 20:15, 150101 =>  100201,   4, 000238
21 20:18, 150101 =>  150801,   3, 000592
21 20:22, 150101 =>  020701,   5, 000548
21 20:30, 130101 =>  200501,  11, 000732
21 20:33, 150101 =>  020201,   4, 000150
22 00:35, 040101 =>  211101,  46, 000082
22 00:59, 130101 =>  130301,  31, 000473
22 01:10, 040101 =>  211201,  15, 000748
22 01:52, 040101 =>  210201,  55, 000667
22 02:12, 150101 =>  120601,  26, 000587
22 02:54, 130101 =>  130601,  54, 000545
22 02:57, 040101 =>  170101,   5, 000092
22 03:44, 150101 =>  100101,  61, 000789
22 04:16, 130101 =>  061301,  41, 000330
22 04:47, 150101 =>  100801,  41, 000823
22 04:53, 150101 =>  190301,   8, 000424
22 05:51, 150101 =>  120501,  75, 000389
22 06:22, 040101 =>  050701,  41, 000151
22 07:17, 150101 =>  100401,  72, 000386
22 08:17, 150101 =>  120101,  78, 000159
22 08:18, 040101 =>  170101,   1, 000180
22 08:27, 150101 =>  100801,  12, 000565
22 08:50, 040101 =>  051001,  30, 000543
22 09:49, 040101 =>  030401,  77, 000384
22 10:36, 040101 =>  210801,  61, 000851
22 10:48, 150101 =>  100301,  16, 000554
22 11:11, 040101 =>  210701,  30, 000182
22 11:16, 040101 =>  211201,   6, 000684
22 11:44, 130101 =>  220601,  37, 000226
22 11:53, 040101 =>  050901,  11, 000668
22 12:52, 150101 =>  021501,  78, 000582
22 13:05, 130101 =>  060801,  16, 000410
22 13:08, 040101 =>  211101,   4, 000437
22 13:20, 130101 =>  220401,  16, 000568
22 14:33, 150101 =>  110501,  95, 000973
22 14:39, 040101 =>  030201,   8, 000158
22 14:59, 150101 =>  100801,  26, 000219
22 15:10, 150101 =>  020301,  15, 000978
22 15:27, 150101 =>  190201,  22, 000837
22 15:46, 040101 =>  050301,  25, 000342
22 15:59, 040101 =>  080701,  17, 000388
22 16:29, 150101 =>  090501,  39, 000616
22 16:44, 040101 =>  051001,  19, 000856
22 17:08, 150101 =>  120501,  31, 000411
22 17:20, 150101 =>  090701,  16, 000634
22 17:47, 150101 =>  101001,  35, 000734
22 18:10, 130101 =>  061201,  31, 000061
22 18:26, 150101 =>  190101,  20, 000852
22 18:31, 040101 =>  250401,   7, 000411
22 18:34, 150101 =>  110501,   4, 000577
22 18:39, 040101 =>  030701,   6, 000684
22 18:45, 150101 =>  151001,   8, 000295
22 18:54, 150101 =>  021801,  12, 000207
22 19:05, 150101 =>  100201,  14, 000663
22 19:07, 150101 =>  021801,   3, 000457
22 19:13, 040101 =>  050201,   8, 000316
22 19:25, 130101 =>  131201,  15, 000894
22 19:35, 150101 =>  110301,  13, 000545
22 19:43, 040101 =>  230101,  11, 000083
22 19:46, 150101 =>  021301,   4, 000723
22 19:49, 040101 =>  030501,   4, 000425
22 19:52, 040101 =>  040801,   3, 000090
22 19:59, 130101 =>  220801,  10, 000102
22 20:14, 130101 =>  010401,  19, 000844
22 20:19, 130101 =>  061001,   6, 000841
22 20:22, 040101 =>  081201,   4, 000910
22 20:24, 150101 =>  110401,   3, 000319
22 20:30, 150101 =>  070101,   8, 000342
22 20:35, 150101 =>  090401,   6, 000073
22 20:42, 130101 =>  061201,   9, 000943
22 20:48, 130101 =>  060901,   9, 000041
22 20:54, 130101 =>  010601,   7, 000060
22 20:57, 040101 =>  210801,   4, 000774
22 20:59, 150101 =>  020101,   3, 000398
23 01:04, 150101 =>  100801,  84, 000555
23 01:12, 040101 =>  080601,  10, 000547
23 02:14, 150101 =>  100801,  82, 000323
23 02:15, 150101 =>  150901,   1, 000370
23 03:03, 040101 =>  030301,  62, 000726
23 03:53, 150101 =>  020201,  65, 000874
23 05:08, 150101 =>  110501,  99, 000727
23 05:24, 150101 =>  021001,  20, 000787
23 06:34, 150101 =>  100701,  92, 000331
23 07:08, 040101 =>  040701,  44, 000770
23 07:33, 040101 =>  051101,  33, 000238
23 07:37, 150101 =>  090701,   5, 000096
23 08:42, 130101 =>  240301,  84, 000717
23 09:15, 040101 =>  050401,  44, 000623
23 10:02, 040101 =>  030201,  61, 000319
23 10:06, 150101 =>  020601,   5, 000947
23 10:11, 150101 =>  090501,   6, 000078
23 10:26, 150101 =>  090301,  20, 000860
23 11:19, 040101 =>  050201,  69, 000614
23 11:46, 130101 =>  160401,  35, 000808
23 12:04, 040101 =>  040801,  24, 000127
23 12:14, 040101 =>  170201,  13, 000978
23 12:25, 040101 =>  250101,  15, 000517
23 13:19, 150101 =>  021301,  70, 000901
23 13:39, 040101 =>  210601,  26, 000723
23 13:59, 040101 =>  050901,  26, 000820
23 14:37, 130101 =>  010401,  49, 000805
23 14:56, 040101 =>  081001,  25, 000149
23 15:04, 150101 =>  100801,  11, 000066
23 15:42, 130101 =>  160201,  49, 000075
23 16:42, 150101 =>  021201,  79, 000384
23 16:54, 150101 =>  150801,  15, 000176
23 17:25, 150101 =>  100101,  41, 000292
23 17:38, 040101 =>  250301,  16, 000324
23 17:40, 040101 =>  040601,   3, 000984
23 17:44, 150101 =>  090501,   5, 000317
23 18:01, 150101 =>  021701,  22, 000482
23 18:31, 150101 =>  090301,  40, 000294
23 18:50, 150101 =>  090701,  24, 000494
23 19:01, 150101 =>  090701,  15, 000551
23 19:13, 150101 =>  190301,  15, 000984
23 19:15, 040101 =>  080901,   3, 000414
23 19:19, 150101 =>  020701,   6, 000996
23 19:23, 040101 =>  211101,   5, 000504
23 19:31, 130101 =>  160801,  10, 000186
23 19:39, 150101 =>  120401,  10, 000195
23 19:53, 130101 =>  140301,  19, 000096
23 19:56, 150101 =>  090401,   4, 000104
23 20:04, 130101 =>  010301,  10, 000082
23 20:10, 130101 =>  140301,   8, 000529
23 20:14, 040101 =>  180101,   5, 000074
23 20:32, 130101 =>  060601,  23, 000341
23 20:35, 150101 =>  110301,   4, 000868
23 20:38, 150101 =>  100601,   4, 000030
23 20:42, 130101 =>  240101,   5, 000912
23 20:45, 150101 =>  100201,   4, 000509
23 20:50, 130101 =>  130901,   7, 000638
24 00:20, 040101 =>  250401,  27, 000447
24 00:50, 150101 =>  120301,  39, 000531
24 01:34, 040101 =>  030201,  57, 000022
24 01:45, 150101 =>  090501,  14, 000493
24 02:04, 040101 =>  030201,  26, 000535
24 02:07, 040101 =>  030501,   3, 000002
24 02:34, 040101 =>  250101,  35, 000862
24 03:00, 150101 =>  150501,  34, 000840
24 03:56, 130101 =>  220301,  74, 000277
24 05:05, 040101 =>  180301,  89, 000720
24 06:10, 150101 =>  100201,  85, 000318
24 06:47, 040101 =>  080401,  48, 000200
24 07:53, 150101 =>  090301,  87, 000384
24 08:06, 040101 =>  230301,  16, 000219
24 08:47, 150101 =>  190301,  54, 000623
24 08:57, 040101 =>  210201,  13, 000399
24 09:18, 040101 =>  030701,  27, 000400
24 10:30, 150101 =>  021201,  94, 000210
24 11:33, 150101 =>  070101,  83, 000516
24 12:16, 130101 =>  200101,  56, 000256
24 12:55, 150101 =>  100701,  51, 000404
24 13:15, 040101 =>  030401,  26, 000382
24 13:54, 150101 =>  150401,  50, 000290
24 14:00, 150101 =>  100801,   8, 000222
24 14:47, 150101 =>  110101,  62, 000727
24 15:31, 150101 =>  110501,  57, 000593
24 15:41, 150101 =>  150501,  13, 000563
24 15:52, 150101 =>  150701,  14, 000438
24 16:07, 130101 =>  200301,  20, 000177
24 16:11, 150101 =>  020101,   5, 000747
24 16:15, 040101 =>  210201,   5, 000714
24 16:42, 130101 =>  130201,  35, 000277
24 16:56, 150101 =>  110501,  19, 000234
24 17:07, 040101 =>  030601,  14, 000128
24 17:11, 040101 =>  080601,   5, 000190
24 17:18, 040101 =>  210701,  10, 000832
24 17:32, 130101 =>  130301,  18, 000217
24 17:54, 130101 =>  200201,  28, 000246
24 18:10, 150101 =>  090601,  21, 000224
24 18:13, 150101 =>  070101,   4, 000151
24 18:24, 150101 =>  090201,  15, 000301
24 18:37, 150101 =>  110101,  17, 000327
24 18:57, 040101 =>  051001,  26, 000554
24 19:01, 150101 =>  120301,   5, 000963
24 19:08, 040101 =>  210901,   9, 000834
24 19:29, 130101 =>  060601,  28, 000536
24 19:42, 130101 =>  061201,  17, 000342
24 19:59, 130101 =>  220601,  21, 000854
24 20:05, 130101 =>  060601,   8, 000920
24 20:10, 150101 =>  190101,   7, 000771
24 20:15, 150101 =>  150901,   7, 000488
24 20:23, 040101 =>  250101,  10, 000981
24 20:28, 150101 =>  190101,   6, 000137
24 20:36, 130101 =>  130501,  11, 000649
24 20:39, 150101 =>  021101,   4, 000901
24 20:51, 040101 =>  080201,  16, 000651
24 20:53, 150101 =>  021101,   2, 000758
24 21:01, 040101 =>  050301,  10, 000740
24 21:10, 040101 =>  030401,  12, 000585
24 21:14, 130101 =>  130301,   5, 000405
25 00:24, 130101 =>  220901,  32, 000086
25 00:38, 150101 =>  120601,  18, 000661
25 00:48, 040101 =>  170101,  13, 000730
25 01:00, 130101 =>  220901,  16, 000250
25 02:14, 150101 =>  120501,  96, 000334
25 02:58, 040101 =>  080101,  58, 000034
25 03:27, 040101 =>  030601,  37, 000866
25 04:38, 150101 =>  022001,  93, 000029
25 05:08, 040101 =>  180101,  40, 000873
25 05:21, 130101 =>  240101,  16, 000237
25 05:31, 150101 =>  090601,  13, 000942
25 05:35, 040101 =>  250201,   5, 000393
25 05:36, 040101 =>  030601,   2, 000895
25 06:07, 130101 =>  060701,  40, 000114
25 07:08, 150101 =>  100201,  80, 000297
25 07:46, 150101 =>  100501,  50, 000095
25 07:54, 150101 =>  090101,  10, 000309
25 09:02, 150101 =>  150301,  88, 000825
25 09:10, 150101 =>  090101,  11, 000631
25 09:52, 040101 =>  050101,  55, 000946
25 10:40, 040101 =>  210801,  63, 000302
25 11:27, 130101 =>  220601,  61, 000945
25 11:57, 150101 =>  150601,  39, 000968
25 12:42, 040101 =>  170101,  58, 000438
25 12:55, 130101 =>  200701,  17, 000420
25 13:28, 040101 =>  250101,  44, 000591
25 14:27, 150101 =>  090201,  76, 000453
25 14:53, 040101 =>  050301,  35, 000211
25 15:56, 150101 =>  150601,  82, 000150
25 16:07, 040101 =>  080701,  14, 000597
25 16:13, 040101 =>  210701,   8, 000306
25 16:19, 150101 =>  020701,   8, 000413
25 16:38, 130101 =>  060601,  25, 000183
25 17:07, 150101 =>  021001,  37, 000671
25 17:14, 040101 =>  180301,   9, 000824
25 17:28, 040101 =>  211301,  19, 000498
25 17:57, 130101 =>  060701,  37, 000098
25 18:08, 130101 =>  160501,  15, 000335
25 18:23, 040101 =>  080301,  19, 000408
25 18:32, 040101 =>  080901,  12, 000935
25 18:35, 040101 =>  030501,   4, 000509
25 18:55, 150101 =>  020901,  26, 000862
25 18:59, 150101 =>  020401,   5, 000456
25 19:02, 040101 =>  030101,   4, 000024
25 19:23, 150101 =>  100701,  28, 000612
25 19:26, 040101 =>  050401,   4, 000417
25 19:50, 150101 =>  021501,  31, 000315
25 19:53, 040101 =>  040601,   4, 000860
25 19:56, 040101 =>  080701,   3, 000038
25 20:10, 150101 =>  190301,  19, 000624
25 20:20, 130101 =>  061201,  13, 000744
25 20:32, 150101 =>  100701,  16, 000156
25 20:35, 040101 =>  030501,   4, 000448
26 00:25, 150101 =>  020601,  34, 000057
26 00:31, 130101 =>  160801,   8, 000280
26 01:26, 150101 =>  120301,  73, 000621
26 01:55, 150101 =>  100401,  39, 000834
26 02:33, 040101 =>  081301,  50, 000529
26 02:45, 150101 =>  020501,  17, 000446
26 03:36, 040101 =>  210301,  68, 000841
26 04:43, 150101 =>  120101,  89, 000165
26 05:15, 150101 =>  110501,  42, 000794
26 05:39, 040101 =>  051101,  33, 000069
26 06:49, 130101 =>  220901,  93, 000863
26 07:27, 150101 =>  021201,  51, 000831
26 07:52, 130101 =>  220101,  33, 000767
26 09:03, 150101 =>  090301,  95, 000655
26 09:21, 040101 =>  170101,  24, 000206
26 10:25, 150101 =>  150401,  85, 000830
26 10:28, 040101 =>  080301,   4, 000057
26 10:36, 150101 =>  021001,  11, 000974
26 10:43, 040101 =>  180201,   9, 000910
26 10:54, 040101 =>  081301,  15, 000049
26 12:00, 040101 =>  180101,  88, 000811
26 12:52, 150101 =>  020401,  69, 000055
26 13:17, 040101 =>  050901,  33, 000802
26 13:48, 130101 =>  200401,  41, 000970
26 14:14, 150101 =>  020301,  35, 000211
26 14:48, 150101 =>  020401,  46, 000622
26 15:29, 150101 =>  020201,  54, 000453
26 15:44, 150101 =>  021601,  20, 000953
26 16:08, 130101 =>  131001,  32, 000462
26 16:46, 040101 =>  040601,  51, 000063
26 17:06, 040101 =>  050901,  26, 000820
26 17:24, 040101 =>  211001,  24, 000139
26 17:46, 130101 =>  140201,  30, 000953
26 18:03, 130101 =>  130801,  23, 000593
26 18:14, 040101 =>  081001,  14, 000030
26 18:34, 150101 =>  100201,  27, 000958
26 18:37, 150101 =>  070101,   4, 000549
26 18:45, 150101 =>  120801,  11, 000684
26 18:52, 150101 =>  021601,   9, 000152
26 19:01, 150101 =>  150201,  12, 000117
26 19:03, 150101 =>  021201,   3, 000545
26 19:13, 040101 =>  040201,  13, 000497
26 19:19, 150101 =>  021701,   8, 000719
26 19:33, 130101 =>  130201,  19, 000869
26 19:36, 130101 =>  130301,   3, 000051
26 19:42, 130101 =>  061201,   8, 000869
26 19:48, 150101 =>  021301,   9, 000058
26 19:55, 150101 =>  101001,   9, 000534
26 19:57, 130101 =>  060201,   3, 000577
26 20:01, 150101 =>  021701,   5, 000476
26 20:13, 040101 =>  030101,  16, 000788
26 20:20, 130101 =>  220201,   9, 000371
26 20:26, 040101 =>  250201,   8, 000927
26 20:33, 040101 =>  210901,  10, 000445
26 20:36, 150101 =>  090501,   4, 000363
26 20:45, 130101 =>  010501,  12, 000673
26 20:48, 130101 =>  010501,   3, 000064
26 20:50, 150101 =>  021801,   3, 000612
26 20:53, 130101 =>  130801,   4, 000787
26 20:54, 150101 =>  021601,   2, 000585
27 00:33, 150101 =>  070101,  44, 000209
27 01:45, 040101 =>  040501,  96, 000415
27 02:05, 150101 =>  150201,  27, 000894
27 02:36, 040101 =>  250101,  42, 000936
27 03:33, 150101 =>  020901,  75, 000626
27 04:36, 130101 =>  060801,  85, 000927
27 05:22, 040101 =>  040301,  61, 000355
27 05:51, 150101 =>  101001,  39, 000036
27 06:07, 040101 =>  210501,  21, 000993
27 06:54, 150101 =>  151001,  63, 000938
27 07:41, 130101 =>  060801,  62, 000047
27 08:03, 150101 =>  151001,  30, 000036
27 08:26, 150101 =>  020901,  30, 000792
27 09:00, 150101 =>  021901,  45, 000999
27 09:49, 150101 =>  021701,  66, 000183
27 09:54, 150101 =>  100601,   6, 000710
27 10:26, 040101 =>  050801,  43, 000857
27 10:51, 150101 =>  150501,  34, 000265
27 11:21, 150101 =>  190101,  39, 000213
27 11:42, 150101 =>  100301,  28, 000533
27 11:48, 150101 =>  100501,   8, 000037
27 12:43, 040101 =>  040201,  74, 000351
27 13:42, 150101 =>  100401,  79, 000598
27 14:10, 040101 =>  051101,  37, 000303
27 14:42, 040101 =>  080301,  43, 000978
27 15:25, 130101 =>  010701,  57, 000515
27 15:39, 130101 =>  060901,  18, 000098
27 15:51, 040101 =>  030101,  16, 000139
27 16:09, 040101 =>  080201,  24, 000206
27 16:12, 040101 =>  040301,   4, 000174
27 16:38, 130101 =>  010501,  35, 000436
27 16:55, 150101 =>  150601,  23, 000384
27 17:34, 150101 =>  150701,  52, 000256
27 17:44, 150101 =>  120301,  13, 000884
27 18:01, 130101 =>  060901,  23, 000009
27 18:08, 040101 =>  050301,   9, 000007
27 18:21, 150101 =>  120301,  17, 000531
27 18:33, 040101 =>  230201,  16, 000706
27 18:40, 040101 =>  030301,  10, 000244
27 18:43, 040101 =>  050501,   4, 000205
27 18:46, 040101 =>  040201,   4, 000652
27 18:56, 150101 =>  120901,  13, 000993
27 18:59, 040101 =>  040401,   4, 000357
27 19:15, 150101 =>  100501,  22, 000902
27 19:18, 040101 =>  050501,   4, 000109
27 19:21, 040101 =>  170301,   3, 000986
27 19:42, 150101 =>  022001,  28, 000554
27 19:46, 150101 =>  110501,   6, 000309
27 19:58, 150101 =>  150401,  16, 000585
27 20:01, 040101 =>  170301,   4, 000173
27 20:11, 150101 =>  190101,  13, 000151
27 20:21, 150101 =>  021301,  13, 000331
28 00:14, 150101 =>  020801,  19, 000010
28 00:23, 040101 =>  080601,  12, 000145
28 00:36, 130101 =>  200401,  18, 000558
28 00:53, 040101 =>  050901,  22, 000835
28 01:58, 150101 =>  100201,  87, 000565
28 02:22, 150101 =>  020601,  32, 000225
28 02:27, 040101 =>  250201,   6, 000344
28 03:25, 150101 =>  120901,  78, 000527
28 04:11, 150101 =>  100401,  61, 000084
28 04:48, 040101 =>  230201,  49, 000797
28 05:12, 150101 =>  090401,  32, 000885
28 05:47, 130101 =>  061201,  47, 000120
28 06:34, 150101 =>  020501,  63, 000681
28 06:44, 040101 =>  030301,  13, 000503
28 07:00, 150101 =>  100401,  22, 000058
28 07:02, 150101 =>  190101,   2, 000553
28 07:22, 040101 =>  180301,  27, 000247
28 08:24, 130101 =>  060501,  82, 000755
28 08:43, 040101 =>  180101,  26, 000858
28 09:45, 150101 =>  120401,  82, 000312
28 10:42, 150101 =>  101001,  76, 000312
28 11:16, 130101 =>  200501,  46, 000148
28 12:09, 040101 =>  210801,  71, 000361
28 13:10, 150101 =>  150301,  81, 000894
28 13:13, 150101 =>  020701,   4, 000004
28 14:09, 040101 =>  080901,  75, 000390
28 14:23, 040101 =>  030301,  18, 000875
28 15:03, 150101 =>  110201,  54, 000376
28 15:27, 150101 =>  090601,  31, 000042
28 15:37, 150101 =>  110101,  14, 000125
28 16:06, 150101 =>  150701,  38, 000629
28 16:18, 150101 =>  100501,  17, 000707
28 16:47, 130101 =>  220601,  38, 000027
28 17:33, 040101 =>  040701,  61, 000973
28 17:41, 040101 =>  250101,  11, 000085
28 18:07, 040101 =>  211001,  35, 000616
28 18:24, 040101 =>  210201,  22, 000359
28 18:26, 130101 =>  060401,   3, 000192
28 18:45, 150101 =>  090501,  25, 000341
28 18:55, 040101 =>  080601,  14, 000141
28 19:09, 040101 =>  081001,  19, 000512
28 19:20, 150101 =>  100201,  14, 000174
28 19:22, 040101 =>  081001,   3, 000502
28 19:33, 150101 =>  090401,  14, 000110
28 19:47, 130101 =>  160501,  19, 000806
28 19:57, 040101 =>  080701,  13, 000405
28 20:00, 040101 =>  080701,   4, 000106
28 20:06, 150101 =>  021401,   8, 000425
28 20:12, 040101 =>  040401,   8, 000990
28 20:16, 040101 =>  210601,   6, 000520
28 20:20, 040101 =>  050501,   5, 000028
28 20:25, 150101 =>  020701,   7, 000960
28 20:29, 150101 =>  020701,   5, 000851
28 20:32, 150101 =>  151001,   4, 000889
28 20:35, 150101 =>  100701,   4, 000182
29 00:18, 040101 =>  210501,  25, 000245
29 00:39, 040101 =>  230401,  27, 000383
29 01:11, 150101 =>  020401,  43, 000604
29 02:05, 150101 =>  022001,  72, 000841
29 03:12, 150101 =>  110401,  90, 000211
29 03:45, 150101 =>  090401,  43, 000998
29 03:50, 040101 =>  081101,   7, 000287
29 05:05, 040101 =>  250301, 100, 000329
29 05:07, 040101 =>  040301,   3, 000019
29 05:11, 150101 =>  120801,   5, 000077
29 06:03, 130101 =>  160201,  69, 000210
29 06:39, 130101 =>  140201,  48, 000795
29 07:08, 150101 =>  021301,  39, 000867
29 07:25, 130101 =>  010501,  23, 000859
29 08:01, 130101 =>  220501,  48, 000812
29 08:42, 150101 =>  021401,  55, 000875
29 08:54, 040101 =>  080701,  15, 000803
29 09:12, 130101 =>  130301,  24, 000843
29 09:22, 150101 =>  120101,  14, 000194
29 09:33, 150101 =>  020501,  15, 000716
29 09:54, 130101 =>  130401,  27, 000898
29 10:28, 150101 =>  120701,  46, 000515
29 11:32, 150101 =>  110201,  85, 000641
29 12:23, 150101 =>  020601,  68, 000260
29 13:10, 040101 =>  211101,  63, 000882
29 14:11, 150101 =>  110301,  81, 000369
29 14:27, 040101 =>  170101,  21, 000322
29 15:10, 150101 =>  120201,  58, 000613
29 15:43, 150101 =>  090101,  44, 000785
29 16:36, 040101 =>  080601,  71, 000644
29 16:48, 150101 =>  100101,  15, 000688
29 16:58, 150101 =>  120201,  14, 000693
29 17:24, 130101 =>  060101,  35, 000303
29 17:39, 150101 =>  090201,  19, 000693
29 17:55, 150101 =>  020601,  22, 000387
29 18:04, 130101 =>  160401,  12, 000444
29 18:48, 040101 =>  211201,  58, 000708
29 19:15, 040101 =>  211201,  36, 000918
29 19:23, 130101 =>  160801,  11, 000831
29 19:28, 130101 =>  160101,   7, 000838
29 19:36, 150101 =>  120301,  10, 000635
29 19:42, 150101 =>  020901,   8, 000981
29 19:45, 150101 =>  090101,   5, 000016
29 19:51, 150101 =>  090501,   7, 000852
29 19:54, 150101 =>  021701,   4, 000010
29 19:57, 150101 =>  020201,   5, 000030
29 20:02, 130101 =>  200601,   6, 000551
29 20:20, 040101 =>  180201,  24, 000518
29 20:28, 130101 =>  061301,  11, 000070
29 20:42, 040101 =>  050401,  18, 000029
29 20:44, 150101 =>  090201,   3, 000889
30 00:27, 150101 =>  190301,  37, 000289
30 01:30, 150101 =>  020401,  83, 000461
30 02:11, 040101 =>  081301,  55, 000090
30 02:30, 150101 =>  110301,  25, 000406
30 03:36, 040101 =>  170301,  88, 000072
30 03:57, 150101 =>  020701,  29, 000052
30 04:51, 040101 =>  210501,  72, 000619
30 06:02, 150101 =>  100901,  94, 000848
30 07:00, 150101 =>  120901,  77, 000106
30 07:41, 040101 =>  230201,  55, 000189
30 08:28, 040101 =>  080901,  63, 000538
30 08:48, 040101 =>  080301,  27, 000224
30 09:13, 040101 =>  210401,  33, 000485
30 09:16, 040101 =>  030701,   4, 000582
30 09:21, 150101 =>  070101,   6, 000419
30 09:49, 150101 =>  120901,  38, 000495
30 09:53, 130101 =>  060801,   5, 000164
30 11:01, 150101 =>  120501,  91, 000986
30 11:14, 150101 =>  120501,  17, 000026
30 12:09, 150101 =>  110501,  73, 000704
30 13:15, 150101 =>  110501,  88, 000572
30 14:04, 130101 =>  130401,  66, 000425
30 14:27, 150101 =>  120601,  30, 000367
30 14:30, 040101 =>  180101,   5, 000122
30 14:33, 040101 =>  210601,   3, 000476
30 14:59, 150101 =>  100601,  35, 000689
30 15:14, 150101 =>  120301,  20, 000477
30 15:30, 150101 =>  150401,  22, 000732
30 15:46, 150101 =>  021401,  21, 000883
30 15:52, 040101 =>  210901,   8, 000007
30 16:26, 130101 =>  010201,  45, 000288
30 16:32, 040101 =>  211201,   8, 000641
30 16:48, 150101 =>  110401,  22, 000462
30 17:43, 130101 =>  220301,  73, 000562
30 17:55, 040101 =>  080201,  16, 000036
30 17:59, 040101 =>  080501,   5, 000164
30 18:06, 150101 =>  021301,   9, 000639
30 18:16, 150101 =>  120501,  14, 000538
30 18:33, 040101 =>  040601,  23, 000618
30 18:39, 130101 =>  220201,   7, 000519
30 18:42, 150101 =>  090401,   4, 000444
30 18:51, 150101 =>  190201,  13, 000548
30 18:54, 150101 =>  100401,   4, 000961
30 19:00, 040101 =>  050901,   7, 000780
30 19:07, 150101 =>  020701,  10, 000324
30 19:10, 150101 =>  021801,   4, 000101
30 19:14, 040101 =>  230401,   5, 000248
30 19:24, 040101 =>  030501,  13, 000332
30 19:33, 040101 =>  030401,  12, 000741
30 19:35, 150101 =>  020401,   3, 000095
30 19:39, 040101 =>  050801,   6, 000530
30 19:42, 150101 =>  110201,   4, 000753
30 19:44, 150101 =>  090201,   2, 000105
