01 01:13, 130101 =>  010201,  16, 000176
01 03:03, 150101 =>  101001,  24, 000810
01 03:49, 150101 =>  120901,  10, 000550
01 04:21, 040101 =>  210901,   7, 000062
01 05:07, 150101 =>  101001,  10, 000689
01 06:52, 040101 =>  050901,  23, 000057
01 07:56, 150101 =>  150701,  14, 000446
01 08:42, 150101 =>  020201,  10, 000677
01 09:28, 130101 =>  130201,  10, 000652
01 10:55, 150101 =>  021901,  19, 000422
01 11:59, 150101 =>  021901,  14, 000553
01 12:45, 150101 =>  100501,  10, 000354
01 13:08, 150101 =>  120801,   5, 000397
01 13:40, 150101 =>  100501,   7, 000842
01 14:17, 150101 =>  150801,   8, 000859
01 14:30, 130101 =>  240301,   3, 000236
01 15:07, 130101 =>  221001,   8, 000905
01 15:35, 150101 =>  021001,   6, 000605
01 15:57, 150101 =>  100101,   5, 000693
01 16:11, 150101 =>  150301,   3, 000002
02 01:33, 150101 =>  021801,  21, 000460
02 03:01, 130101 =>  010401,  20, 000677
02 03:46, 130101 =>  061001,  10, 000076
02 05:36, 040101 =>  050801,  25, 000449
02 07:05, 150101 =>  090301,  20, 000574
02 09:00, 150101 =>  120501,  26, 000619
02 10:29, 150101 =>  020801,  20, 000953
02 11:09, 130101 =>  130701,   9, 000816
02 11:27, 150101 =>  100801,   4, 000382
02 12:02, 130101 =>  010201,   8, 000871
02 12:29, 150101 =>  021801,   6, 000953
02 12:46, 150101 =>  120101,   4, 000818
02 13:09, 130101 =>  221001,   5, 000668
02 13:26, 130101 =>  130401,   4, 000999
02 13:40, 130101 =>  200301,   3, 000626
02 13:57, 150101 =>  100801,   4, 000145
02 14:20, 150101 =>  110401,   5, 000245
02 15:44, 040101 =>  050801,  19, 000769
03 00:17, 150101 =>  020101,   4, 000420
03 01:34, 130101 =>  140201,  18, 000876
03 04:00, 150101 =>  150901,  34, 000988
03 04:39, 040101 =>  040401,   9, 000950
03 05:13, 130101 =>  130601,   8, 000316
03 05:26, 130101 =>  060401,   3, 000315
03 07:53, 150101 =>  021201,  34, 000006
03 09:23, 150101 =>  110301,  21, 000333
03 10:10, 040101 =>  081101,  11, 000139
03 10:53, 130101 =>  060301,  10, 000699
03 11:28, 130101 =>  220501,   8, 000101
03 12:15, 150101 =>  020401,  11, 000996
03 13:24, 150101 =>  020401,  16, 000283
03 14:20, 150101 =>  090601,  13, 000762
03 14:41, 150101 =>  020901,   5, 000196
03 15:11, 040101 =>  080901,   7, 000152
03 15:24, 130101 =>  220101,   3, 000969
03 15:50, 150101 =>  110101,   6, 000560
03 16:16, 130101 =>  220901,   6, 000027
03 16:46, 040101 =>  050601,   7, 000906
03 17:03, 150101 =>  150401,   4, 000811
03 18:25, 040101 =>  080101,  19, 000840
03 18:42, 040101 =>  230301,   4, 000961
03 18:59, 130101 =>  221001,   4, 000994
03 19:16, 150101 =>  070101,   4, 000444
03 19:25, 150101 =>  100601,   2, 000159
04 00:34, 150101 =>  120701,   8, 000615
04 02:37, 150101 =>  021601,  28, 000793
04 02:59, 150101 =>  021501,   5, 000819
04 04:48, 150101 =>  190201,  25, 000486
04 06:02, 040101 =>  050301,  17, 000339
04 07:51, 150101 =>  100301,  25, 000277
04 08:30, 150101 =>  021001,   9, 000511
04 09:40, 130101 =>  221001,  16, 000476
04 10:50, 150101 =>  150701,  16, 000347
04 11:47, 150101 =>  020501,  13, 000693
04 13:19, 040101 =>  051001,  21, 000582
04 13:49, 150101 =>  120901,   7, 000452
04 14:15, 150101 =>  020901,   6, 000345
04 14:28, 150101 =>  190201,   3, 000284
04 14:46, 150101 =>  100601,   4, 000342
04 16:00, 040101 =>  211201,  17, 000561
04 16:13, 150101 =>  101101,   3, 000714
04 17:01, 130101 =>  010201,  11, 000124
05 00:12, 130101 =>  010601,   3, 000363
05 01:13, 150101 =>  090701,  15, 000695
05 01:38, 040101 =>  080901,   6, 000015
05 03:28, 040101 =>  250101,  27, 000193
05 04:25, 130101 =>  200401,  14, 000195
05 04:37, 150101 =>  021001,   3, 000050
05 05:38, 040101 =>  210601,  15, 000521
05 06:07, 130101 =>  160101,   7, 000231
05 06:19, 040101 =>  230401,   3, 000910
05 07:16, 040101 =>  030201,  14, 000586
05 07:57, 040101 =>  030201,  10, 000066
05 09:27, 150101 =>  090201,  22, 000103
05 10:12, 130101 =>  140201,  11, 000782
05 10:45, 040101 =>  210601,   8, 000028
05 11:38, 150101 =>  020701,  13, 000420
05 13:28, 150101 =>  190301,  27, 000807
05 13:44, 130101 =>  140101,   4, 000075
05 15:10, 150101 =>  070101,  21, 000362
05 15:43, 150101 =>  120201,   8, 000359
05 15:59, 130101 =>  010201,   4, 000631
05 16:20, 040101 =>  210201,   5, 000928
05 16:36, 040101 =>  040601,   4, 000545
05 16:56, 150101 =>  020601,   5, 000583
05 17:13, 040101 =>  250301,   4, 000297
06 01:02, 040101 =>  080101,  15, 000945
06 04:26, 150101 =>  101001,  49, 000401
06 05:54, 150101 =>  090201,  21, 000468
06 07:38, 040101 =>  210401,  25, 000624
06 08:49, 130101 =>  220301,  17, 000911
06 10:33, 150101 =>  110101,  25, 000116
06 10:45, 130101 =>  060201,   3, 000329
06 11:44, 040101 =>  030501,  14, 000864
06 12:00, 130101 =>  220501,   4, 000423
06 13:07, 150101 =>  022001,  16, 000863
06 13:24, 150101 =>  120201,   4, 000950
06 14:10, 150101 =>  150601,  11, 000825
06 15:04, 150101 =>  070101,  13, 000866
06 15:54, 040101 =>  050701,  12, 000140
06 16:06, 040101 =>  050501,   3, 000780
06 16:31, 150101 =>  020801,   6, 000681
06 17:00, 130101 =>  200201,   7, 000722
06 17:30, 040101 =>  050701,   7, 000362
06 18:20, 130101 =>  200301,  12, 000070
06 18:53, 130101 =>  060401,   8, 000671
06 19:22, 150101 =>  110301,   7, 000816
06 19:39, 150101 =>  022001,   4, 000530
06 20:08, 040101 =>  080201,   7, 000582
06 20:25, 040101 =>  210901,   4, 000522
06 20:37, 150101 =>  150301,   3, 000985
07 02:58, 150101 =>  100901,  46, 000637
07 03:29, 130101 =>  010301,   8, 000857
07 05:18, 040101 =>  211201,  28, 000967
07 05:49, 130101 =>  240201,   8, 000494
07 06:28, 150101 =>  120901,  10, 000221
07 08:24, 150101 =>  090301,  30, 000415
07 08:44, 130101 =>  200801,   5, 000416
07 09:46, 150101 =>  151001,  16, 000409
07 10:13, 150101 =>  120701,   7, 000757
07 10:25, 040101 =>  050301,   3, 000673
07 10:36, 150101 =>  101001,   3, 000613
07 11:27, 040101 =>  050501,  13, 000447
07 12:41, 150101 =>  150701,  19, 000274
07 13:08, 040101 =>  210401,   7, 000865
07 13:51, 150101 =>  150901,  11, 000904
07 14:25, 130101 =>  061301,   9, 000825
07 14:57, 150101 =>  021801,   8, 000842
07 15:55, 040101 =>  080401,  15, 000750
07 16:06, 130101 =>  200801,   3, 000955
07 16:22, 150101 =>  100601,   4, 000677
07 17:01, 130101 =>  160201,  10, 000109
07 17:28, 150101 =>  020901,   7, 000393
07 17:55, 040101 =>  170101,   7, 000549
07 18:11, 150101 =>  020901,   4, 000807
07 18:30, 130101 =>  160201,   5, 000865
07 18:57, 040101 =>  080201,   7, 000705
07 19:13, 150101 =>  100701,   4, 000238
07 19:21, 150101 =>  150201,   2, 000139
08 01:48, 040101 =>  051001,  28, 000946
08 02:15, 130101 =>  060101,   7, 000866
08 03:05, 040101 =>  040401,  13, 000338
08 05:36, 150101 =>  150601,  39, 000210
08 07:24, 150101 =>  120901,  28, 000973
08 08:34, 130101 =>  140301,  18, 000317
08 09:28, 130101 =>  240101,  14, 000091
08 10:45, 150101 =>  090301,  20, 000717
08 11:16, 040101 =>  080401,   8, 000331
08 12:22, 150101 =>  021101,  17, 000779
08 12:41, 130101 =>  200501,   5, 000444
08 13:01, 150101 =>  120101,   5, 000219
08 13:16, 130101 =>  010201,   4, 000939
08 13:55, 150101 =>  090501,  10, 000347
08 14:45, 150101 =>  021301,  13, 000634
08 15:24, 150101 =>  021501,  10, 000612
08 15:43, 150101 =>  021201,   5, 000681
08 16:14, 150101 =>  090601,   8, 000764
08 16:37, 150101 =>  150701,   6, 000684
08 17:00, 150101 =>  100101,   6, 000294
08 17:16, 150101 =>  150901,   4, 000874
08 17:51, 040101 =>  080301,   9, 000592
08 18:18, 040101 =>  051101,   7, 000991
09 00:53, 150101 =>  190201,  14, 000060
09 01:32, 150101 =>  021001,  10, 000969
09 03:19, 150101 =>  101101,  28, 000177
09 04:47, 150101 =>  021001,  23, 000835
09 06:23, 150101 =>  021101,  25, 000024
09 07:24, 150101 =>  020101,  16, 000359
09 08:26, 150101 =>  120901,  16, 000346
09 09:04, 150101 =>  020701,  10, 000663
09 09:31, 130101 =>  140201,   7, 000020
09 10:13, 150101 =>  020801,  11, 000900
09 10:40, 150101 =>  021201,   7, 000908
09 11:03, 150101 =>  090301,   6, 000827
09 11:22, 130101 =>  200601,   5, 000171
09 11:37, 150101 =>  100701,   4, 000874
09 11:49, 150101 =>  100901,   3, 000382
09 12:16, 040101 =>  211001,   7, 000068
09 12:58, 130101 =>  220201,  11, 000013
10 00:34, 040101 =>  250201,   9, 000830
10 02:57, 150101 =>  021101,  37, 000486
10 04:10, 040101 =>  040401,  19, 000110
10 04:56, 150101 =>  020101,  12, 000783
10 07:22, 150101 =>  100101,  38, 000988
10 08:24, 150101 =>  021701,  16, 000701
10 08:39, 150101 =>  110301,   4, 000549
10 09:02, 150101 =>  120701,   6, 000798
10 09:25, 150101 =>  151001,   6, 000273
10 09:52, 040101 =>  051001,   7, 000309
10 10:23, 130101 =>  160601,   8, 000992
10 10:46, 040101 =>  211001,   6, 000362
10 11:06, 040101 =>  211101,   5, 000939
10 11:59, 040101 =>  040801,  14, 000820
10 12:19, 150101 =>  150701,   5, 000306
10 12:38, 130101 =>  061301,   5, 000267
10 12:57, 150101 =>  120501,   5, 000352
10 13:24, 150101 =>  100701,   7, 000987
10 14:33, 130101 =>  220501,  18, 000851
10 15:00, 150101 =>  120601,   7, 000320
10 15:58, 040101 =>  250401,  15, 000449
10 16:29, 040101 =>  030201,   8, 000500
10 16:52, 040101 =>  210901,   6, 000747
10 17:15, 150101 =>  020501,   6, 000593
10 17:42, 150101 =>  021901,   7, 000532
10 17:54, 130101 =>  200201,   3, 000427
10 18:09, 040101 =>  050901,   4, 000070
10 18:36, 150101 =>  090601,   7, 000689
10 18:48, 150101 =>  020101,   3, 000663
10 19:03, 040101 =>  080101,   4, 000603
10 19:18, 150101 =>  021701,   4, 000858
10 19:34, 040101 =>  230101,   4, 000623
10 19:41, 150101 =>  021201,   2, 000671
10 20:12, 130101 =>  220701,   8, 000846
10 20:16, 040101 =>  210601,   1, 000989
11 00:26, 130101 =>  060901,   7, 000571
11 03:36, 150101 =>  100901,  50, 000171
11 05:34, 040101 =>  230301,  31, 000947
11 06:12, 040101 =>  040301,  10, 000896
11 06:39, 150101 =>  021801,   7, 000628
11 08:25, 150101 =>  190201,  28, 000593
11 09:07, 130101 =>  160701,  11, 000231
11 09:33, 040101 =>  210801,   7, 000528
11 10:53, 150101 =>  021201,  21, 000684
11 12:09, 150101 =>  100501,  20, 000674
11 12:40, 130101 =>  010201,   8, 000422
11 13:29, 040101 =>  230301,  13, 000346
11 13:44, 130101 =>  160801,   4, 000997
11 14:22, 040101 =>  050401,  10, 000135
11 14:56, 150101 =>  020601,   9, 000490
11 15:23, 040101 =>  230401,   7, 000715
11 16:12, 150101 =>  120201,  13, 000650
11 16:28, 130101 =>  060601,   4, 000289
11 16:47, 150101 =>  190301,   5, 000879
11 17:09, 150101 =>  150201,   6, 000670
11 17:32, 130101 =>  140201,   6, 000452
11 18:06, 130101 =>  220601,   9, 000085
11 18:33, 150101 =>  021201,   7, 000132
11 18:48, 130101 =>  160801,   4, 000437
11 19:22, 040101 =>  211301,   9, 000125
11 19:45, 040101 =>  040601,   6, 000411
11 20:00, 150101 =>  120401,   4, 000880
11 20:27, 130101 =>  010601,   7, 000223
11 20:38, 040101 =>  030701,   3, 000248
11 20:54, 150101 =>  090101,   4, 000886
11 21:05, 040101 =>  080101,   3, 000374
11 21:20, 040101 =>  050901,   4, 000244
12 00:55, 130101 =>  010601,  15, 000338
12 02:23, 150101 =>  021001,  24, 000404
12 03:22, 040101 =>  211101,  16, 000851
12 04:47, 150101 =>  021701,  23, 000515
12 06:34, 150101 =>  110501,  29, 000330
12 07:10, 130101 =>  200301,  10, 000392
12 08:06, 040101 =>  040601,  15, 000869
12 08:50, 150101 =>  090201,  12, 000189
12 09:16, 040101 =>  050501,   7, 000695
12 10:11, 130101 =>  061101,  15, 000927
12 10:22, 040101 =>  210801,   3, 000050
12 11:43, 150101 =>  150601,  22, 000451
12 12:31, 040101 =>  051101,  13, 000590
12 13:22, 150101 =>  110501,  14, 000731
12 13:48, 150101 =>  020401,   7, 000737
12 13:59, 130101 =>  160401,   3, 000087
12 14:32, 130101 =>  200701,   9, 000361
12 14:58, 130101 =>  240201,   7, 000524
12 15:24, 150101 =>  150601,   7, 000383
12 15:46, 130101 =>  160101,   6, 000516
12 16:08, 040101 =>  250201,   6, 000504
12 16:27, 150101 =>  090501,   5, 000934
12 16:38, 130101 =>  010301,   3, 000916
12 16:52, 040101 =>  040601,   4, 000157
12 17:40, 150101 =>  021001,  13, 000397
12 18:06, 150101 =>  120101,   7, 000960
12 18:17, 130101 =>  200101,   3, 000957
12 18:32, 150101 =>  150701,   4, 000220
12 18:43, 150101 =>  090101,   3, 000857
12 18:58, 150101 =>  100201,   4, 000121
12 19:09, 150101 =>  021201,   3, 000691
13 01:38, 040101 =>  170201,  28, 000436
13 03:16, 040101 =>  050301,  28, 000892
13 03:33, 130101 =>  240101,   5, 000211
13 04:50, 150101 =>  120701,  22, 000476
13 05:29, 040101 =>  180101,  11, 000858
13 06:25, 040101 =>  030301,  16, 000642
13 07:00, 040101 =>  080701,  10, 000183
13 08:10, 150101 =>  021001,  20, 000052
13 08:45, 150101 =>  101101,  10, 000413
13 09:16, 150101 =>  021401,   9, 000456
13 09:41, 040101 =>  050501,   7, 000605
13 09:58, 130101 =>  240101,   5, 000638
13 10:12, 040101 =>  180301,   4, 000164
13 10:40, 130101 =>  220601,   8, 000220
13 12:29, 150101 =>  090201,  31, 000533
13 14:21, 150101 =>  090701,  32, 000502
13 14:31, 040101 =>  210801,   3, 000256
13 14:49, 150101 =>  021301,   5, 000265
13 14:59, 040101 =>  040301,   3, 000396
13 15:34, 130101 =>  160601,  10, 000009
13 16:16, 150101 =>  100301,  12, 000994
13 16:27, 040101 =>  080301,   3, 000629
13 17:12, 150101 =>  100101,  13, 000082
14 01:01, 040101 =>  230401,  18, 000488
14 03:43, 150101 =>  150801,  47, 000945
14 04:07, 150101 =>  090101,   7, 000636
14 05:29, 130101 =>  060301,  24, 000665
14 06:21, 150101 =>  110301,  15, 000188
14 07:33, 150101 =>  120701,  21, 000109
14 08:17, 150101 =>  090101,  13, 000544
14 09:12, 130101 =>  131001,  16, 000688
14 10:28, 040101 =>  030101,  22, 000948
14 10:48, 130101 =>  200701,   6, 000791
14 11:02, 130101 =>  060701,   4, 000827
14 11:16, 150101 =>  120601,   4, 000402
14 11:30, 130101 =>  160401,   4, 000801
14 12:04, 150101 =>  100301,  10, 000987
14 12:18, 130101 =>  010601,   4, 000620
14 12:31, 130101 =>  010201,   4, 000655
14 13:50, 150101 =>  150901,  23, 000492
14 14:56, 040101 =>  180101,  19, 000797
14 15:09, 150101 =>  100401,   4, 000821
14 15:30, 150101 =>  020401,   6, 000174
14 15:44, 150101 =>  021101,   4, 000284
14 16:15, 150101 =>  100301,   9, 000922
14 17:10, 040101 =>  180101,  16, 000778
14 17:30, 150101 =>  020201,   6, 000896
14 17:54, 150101 =>  100601,   7, 000452
14 18:11, 150101 =>  150601,   5, 000865
14 18:28, 150101 =>  101001,   5, 000777
14 18:46, 150101 =>  020401,   5, 000408
14 18:53, 150101 =>  021701,   2, 000033
15 01:20, 130101 =>  160401,  23, 000338
15 02:51, 150101 =>  022001,  26, 000821
15 04:19, 150101 =>  021101,  25, 000500
15 04:50, 150101 =>  020401,   9, 000516
15 05:18, 130101 =>  130801,   8, 000891
15 05:32, 130101 =>  220801,   4, 000795
15 07:35, 150101 =>  110201,  35, 000975
15 08:20, 130101 =>  060101,  13, 000733
15 10:05, 150101 =>  190101,  30, 000570
15 11:22, 150101 =>  090301,  22, 000881
15 12:04, 150101 =>  090101,  12, 000401
15 12:57, 040101 =>  030601,  15, 000527
15 14:03, 040101 =>  210401,  19, 000431
15 14:21, 150101 =>  090301,   5, 000214
15 15:38, 040101 =>  080601,  22, 000437
15 16:06, 150101 =>  090401,   8, 000468
15 16:30, 150101 =>  100401,   7, 000406
15 16:48, 150101 =>  020201,   5, 000755
15 16:58, 150101 =>  090701,   3, 000662
15 17:05, 150101 =>  150701,   2, 000763
16 00:50, 150101 =>  100601,  15, 000872
16 02:11, 040101 =>  050601,  24, 000269
16 03:02, 130101 =>  131001,  15, 000632
16 04:00, 130101 =>  160701,  17, 000427
16 04:34, 130101 =>  140101,  10, 000176
16 04:54, 040101 =>  210701,   6, 000125
16 06:05, 040101 =>  210201,  21, 000142
16 07:36, 150101 =>  100701,  27, 000883
16 08:41, 150101 =>  120201,  19, 000402
16 09:08, 150101 =>  021901,   8, 000088
16 11:26, 150101 =>  150401,  41, 000562
16 11:43, 130101 =>  061201,   5, 000775
16 12:31, 150101 =>  120101,  14, 000589
16 13:28, 040101 =>  040401,  17, 000153
16 13:38, 040101 =>  210101,   3, 000576
16 14:32, 040101 =>  230101,  16, 000670
16 15:06, 150101 =>  021901,  10, 000151
16 15:30, 130101 =>  061301,   7, 000292
16 16:34, 150101 =>  020101,  19, 000651
16 16:55, 150101 =>  151001,   6, 000384
16 17:22, 040101 =>  030601,   8, 000021
16 17:52, 040101 =>  180301,   9, 000703
16 18:12, 150101 =>  110101,   6, 000585
16 18:26, 150101 =>  150601,   4, 000325
16 18:43, 130101 =>  060501,   5, 000141
16 19:03, 040101 =>  030201,   6, 000562
16 19:27, 130101 =>  130601,   7, 000405
16 19:40, 150101 =>  090101,   4, 000633
16 20:04, 150101 =>  020801,   7, 000105
16 20:18, 040101 =>  050801,   4, 000717
16 20:28, 130101 =>  140201,   3, 000844
16 20:41, 150101 =>  020501,   4, 000017
16 20:48, 040101 =>  051101,   2, 000987
17 01:06, 130101 =>  060201,  20, 000156
17 01:45, 130101 =>  160501,  12, 000066
17 03:04, 040101 =>  210801,  24, 000276
17 03:47, 130101 =>  060501,  13, 000133
17 04:20, 040101 =>  210101,  10, 000755
17 04:40, 040101 =>  080801,   6, 000841
17 07:02, 150101 =>  020301,  43, 000607
17 09:24, 150101 =>  150901,  43, 000512
17 09:54, 040101 =>  211001,   9, 000097
17 10:30, 150101 =>  100301,  11, 000632
17 10:53, 150101 =>  110301,   7, 000634
17 12:09, 040101 =>  080301,  23, 000951
17 12:58, 040101 =>  211001,  15, 000500
17 14:01, 150101 =>  101101,  19, 000494
17 14:27, 040101 =>  210901,   8, 000554
17 14:41, 130101 =>  010401,   4, 000792
17 15:40, 150101 =>  021401,  18, 000453
17 16:10, 040101 =>  080101,   9, 000621
17 16:30, 040101 =>  050801,   6, 000139
17 16:43, 150101 =>  100201,   4, 000898
17 16:56, 150101 =>  120101,   4, 000396
17 17:36, 150101 =>  190101,  12, 000120
17 18:09, 150101 =>  120601,  10, 000397
17 18:38, 150101 =>  120701,   9, 000072
17 18:55, 040101 =>  210901,   5, 000203
17 19:05, 040101 =>  180201,   3, 000440
17 19:11, 040101 =>  030701,   2, 000859
17 19:24, 150101 =>  021901,   4, 000245
18 01:42, 040101 =>  050601,  31, 000558
18 02:32, 130101 =>  220201,  15, 000193
18 03:05, 040101 =>  170301,  10, 000141
18 05:34, 150101 =>  100801,  45, 000972
18 05:54, 130101 =>  060201,   6, 000946
18 07:14, 040101 =>  080301,  24, 000396
18 07:54, 040101 =>  080301,  12, 000987
18 09:30, 150101 =>  120801,  29, 000956
18 10:50, 150101 =>  070101,  24, 000817
18 11:13, 150101 =>  100601,   7, 000088
18 11:56, 040101 =>  170101,  13, 000643
18 12:06, 040101 =>  030301,   3, 000697
18 12:36, 150101 =>  090301,   9, 000743
18 12:49, 130101 =>  130501,   4, 000320
18 12:59, 130101 =>  220901,   3, 000371
18 13:12, 040101 =>  211201,   4, 000997
18 14:32, 150101 =>  090401,  24, 000813
18 14:52, 040101 =>  170101,   6, 000083
18 15:12, 040101 =>  210601,   6, 000256
18 15:28, 040101 =>  170101,   5, 000112
18 15:41, 040101 =>  170201,   4, 000834
18 16:05, 130101 =>  160801,   7, 000489
18 16:08, 040101 =>  030201,   1, 000025
19 01:33, 040101 =>  030201,  29, 000829
19 02:48, 040101 =>  040701,  23, 000981
19 03:10, 130101 =>  061201,   7, 000118
19 04:12, 040101 =>  210501,  19, 000998
19 07:13, 150101 =>  100801,  56, 000275
19 08:27, 130101 =>  010101,  23, 000049
19 08:50, 040101 =>  050501,   7, 000378
19 10:56, 150101 =>  120301,  39, 000334
19 11:48, 150101 =>  120501,  16, 000313
19 12:33, 150101 =>  020601,  14, 000686
19 13:25, 040101 =>  080401,  16, 000154
19 13:47, 130101 =>  131001,   7, 000639
19 14:39, 130101 =>  130701,  16, 000658
19 14:52, 130101 =>  010701,   4, 000331
19 15:24, 040101 =>  250101,  10, 000167
19 16:03, 150101 =>  021801,  12, 000247
19 16:19, 130101 =>  060301,   5, 000675
19 17:01, 150101 =>  021901,  13, 000264
19 17:14, 150101 =>  020701,   4, 000610
19 18:09, 150101 =>  120101,  17, 000826
19 18:22, 040101 =>  080801,   4, 000987
19 18:38, 150101 =>  090101,   5, 000556
19 19:07, 150101 =>  090501,   9, 000380
19 19:27, 150101 =>  090201,   6, 000813
19 19:53, 130101 =>  140301,   8, 000325
19 20:12, 150101 =>  150201,   6, 000444
19 20:22, 040101 =>  040301,   3, 000544
19 20:38, 150101 =>  022001,   5, 000121
19 20:44, 150101 =>  120101,   2, 000022
19 20:57, 040101 =>  050901,   4, 000458
19 21:07, 040101 =>  210601,   3, 000678
20 00:53, 150101 =>  120801,  17, 000482
20 02:37, 150101 =>  100701,  33, 000927
20 05:05, 150101 =>  090501,  47, 000144
20 06:40, 150101 =>  190101,  30, 000291
20 07:52, 150101 =>  120701,  23, 000934
20 09:20, 040101 =>  080701,  28, 000446
20 10:26, 150101 =>  100801,  21, 000413
20 11:04, 150101 =>  120301,  12, 000208
20 11:42, 040101 =>  050301,  12, 000752
20 12:01, 150101 =>  090401,   6, 000705
20 12:42, 130101 =>  060201,  13, 000849
20 13:04, 150101 =>  150901,   7, 000656
20 13:26, 150101 =>  100601,   7, 000279
20 13:39, 150101 =>  021401,   4, 000943
20 13:57, 130101 =>  221001,   6, 000174
20 14:10, 150101 =>  100501,   4, 000052
21 00:18, 130101 =>  010201,   6, 000774
21 02:21, 040101 =>  050201,  39, 000882
21 02:46, 040101 =>  050601,   8, 000508
21 03:29, 150101 =>  021901,  14, 000295
21 04:07, 040101 =>  170301,  12, 000870
21 04:29, 130101 =>  061201,   7, 000027
21 04:57, 130101 =>  060501,   9, 000043
21 05:41, 130101 =>  240201,  14, 000664
21 06:47, 040101 =>  250301,  21, 000164
21 07:09, 040101 =>  080201,   7, 000284
21 07:59, 150101 =>  021301,  16, 000658
21 08:49, 130101 =>  010701,  16, 000496
21 09:17, 040101 =>  230101,   9, 000930
21 10:45, 150101 =>  151001,  28, 000341
21 11:07, 150101 =>  020601,   7, 000746
21 12:47, 150101 =>  070101,  32, 000790
21 13:47, 150101 =>  150401,  19, 000180
21 14:15, 040101 =>  080801,   9, 000302
21 14:37, 130101 =>  130801,   7, 000793
21 15:43, 150101 =>  150601,  21, 000781
21 16:23, 150101 =>  020101,  13, 000399
21 17:04, 150101 =>  100201,  13, 000071
21 17:42, 150101 =>  100301,  12, 000383
21 18:22, 150101 =>  190101,  13, 000919
21 18:51, 150101 =>  100901,   9, 000498
21 19:00, 130101 =>  160401,   3, 000075
21 19:09, 150101 =>  120301,   3, 000560
21 19:28, 150101 =>  190201,   6, 000646
21 19:41, 150101 =>  090701,   4, 000378
21 20:03, 040101 =>  080301,   7, 000192
21 20:12, 040101 =>  040201,   3, 000048
21 20:28, 040101 =>  040701,   5, 000714
21 20:43, 130101 =>  130601,   5, 000548
21 20:53, 040101 =>  040501,   3, 000693
21 20:56, 150101 =>  150701,   1, 000073
22 02:03, 040101 =>  180101,  41, 000768
22 04:43, 150101 =>  100101,  53, 000003
22 04:55, 150101 =>  090601,   4, 000063
22 05:58, 040101 =>  050101,  21, 000858
22 06:20, 040101 =>  211301,   7, 000689
22 08:23, 150101 =>  090401,  41, 000612
22 09:36, 130101 =>  140201,  24, 000308
22 10:03, 040101 =>  250201,   9, 000504
22 11:45, 150101 =>  100201,  34, 000496
22 12:31, 040101 =>  230101,  15, 000848
22 13:01, 130101 =>  060601,  10, 000425
22 13:31, 130101 =>  130501,  10, 000755
22 14:49, 150101 =>  150201,  26, 000642
22 15:35, 150101 =>  020301,  15, 000835
22 16:20, 150101 =>  021101,  15, 000293
22 16:59, 040101 =>  050201,  13, 000754
22 17:14, 040101 =>  170201,   5, 000475
22 17:26, 130101 =>  140201,   4, 000178
22 17:50, 150101 =>  090701,   8, 000078
22 18:06, 150101 =>  150801,   5, 000155
22 18:15, 150101 =>  101001,   3, 000963
22 18:33, 150101 =>  120401,   6, 000531
22 18:42, 150101 =>  110401,   3, 000256
22 18:51, 040101 =>  080901,   3, 000506
22 19:12, 040101 =>  230301,   7, 000573
22 19:45, 130101 =>  061101,  11, 000557
22 19:57, 040101 =>  180201,   4, 000414
22 20:09, 150101 =>  110501,   4, 000857
22 20:30, 130101 =>  130601,   7, 000472
22 20:42, 040101 =>  180101,   4, 000719
22 20:48, 150101 =>  110501,   2, 000934
23 01:34, 150101 =>  022001,  31, 000654
23 03:41, 150101 =>  120901,  42, 000157
23 03:53, 150101 =>  020601,   4, 000129
23 05:15, 150101 =>  110501,  27, 000462
23 06:49, 040101 =>  080801,  31, 000858
23 07:59, 150101 =>  021201,  23, 000622
23 08:11, 130101 =>  200801,   4, 000183
23 09:06, 040101 =>  030101,  18, 000560
23 10:00, 150101 =>  120101,  18, 000704
23 10:37, 040101 =>  080301,  12, 000575
23 11:43, 150101 =>  150501,  22, 000316
23 12:08, 130101 =>  060601,   8, 000870
23 12:56, 150101 =>  100401,  16, 000398
23 13:32, 130101 =>  160601,  12, 000273
23 13:48, 150101 =>  150401,   5, 000622
23 14:51, 040101 =>  080101,  21, 000856
23 15:25, 040101 =>  081201,  11, 000249
23 15:43, 040101 =>  030701,   6, 000993
23 16:19, 150101 =>  110401,  12, 000452
23 16:41, 150101 =>  120601,   7, 000820
23 17:17, 130101 =>  200601,  12, 000007
23 17:50, 040101 =>  230301,  11, 000974
23 18:12, 040101 =>  040201,   7, 000004
23 18:24, 040101 =>  170101,   4, 000635
23 18:36, 150101 =>  120801,   4, 000807
23 18:45, 150101 =>  150701,   3, 000377
23 18:57, 150101 =>  120701,   4, 000139
24 00:41, 130101 =>  220601,  14, 000783
24 02:39, 150101 =>  101101,  40, 000044
24 02:48, 130101 =>  060501,   3, 000837
24 04:07, 040101 =>  030501,  27, 000052
24 05:18, 150101 =>  150801,  24, 000761
24 06:55, 040101 =>  050401,  33, 000092
24 07:31, 040101 =>  080301,  12, 000398
24 07:52, 040101 =>  051001,   7, 000168
24 08:21, 150101 =>  090101,  10, 000989
24 08:59, 040101 =>  080101,  13, 000092
24 09:20, 130101 =>  010601,   7, 000395
24 09:47, 040101 =>  211301,   9, 000985
24 10:28, 150101 =>  100801,  14, 000782
24 11:00, 150101 =>  120701,  11, 000141
24 11:48, 150101 =>  090601,  16, 000457
24 12:08, 130101 =>  200201,   7, 000211
24 12:41, 150101 =>  090201,  11, 000402
24 13:01, 150101 =>  100601,   7, 000642
24 13:22, 130101 =>  010101,   7, 000917
24 13:43, 040101 =>  211001,   7, 000592
24 13:57, 040101 =>  051101,   5, 000781
24 15:02, 150101 =>  021501,  22, 000230
24 15:58, 150101 =>  090601,  19, 000969
24 16:19, 150101 =>  100101,   7, 000013
24 16:31, 150101 =>  110101,   4, 000665
24 16:48, 150101 =>  120501,   6, 000831
24 17:21, 150101 =>  100701,  11, 000588
24 17:44, 150101 =>  020901,   8, 000450
24 17:59, 150101 =>  150601,   5, 000014
24 18:08, 130101 =>  060601,   3, 000061
24 18:38, 130101 =>  130501,  10, 000093
24 18:49, 150101 =>  020401,   4, 000583
24 19:01, 150101 =>  020601,   4, 000037
24 19:28, 130101 =>  010101,   9, 000787
24 19:40, 040101 =>  210401,   4, 000246
24 20:09, 130101 =>  220401,  10, 000964
24 20:12, 150101 =>  150601,   1, 000443
25 01:40, 040101 =>  080601,  35, 000636
25 01:52, 130101 =>  130501,   4, 000972
25 02:29, 150101 =>  120801,  13, 000818
25 03:18, 150101 =>  150401,  17, 000885
25 04:42, 150101 =>  020401,  29, 000121
25 05:28, 150101 =>  110301,  16, 000150
25 06:03, 040101 =>  030601,  12, 000962
25 07:06, 150101 =>  120501,  22, 000034
25 07:49, 130101 =>  200501,  15, 000306
25 08:24, 040101 =>  210701,  12, 000497
25 09:30, 150101 =>  120301,  23, 000976
25 10:25, 130101 =>  060401,  19, 000977
25 11:29, 150101 =>  020401,  22, 000374
25 12:29, 150101 =>  190101,  21, 000761
25 13:04, 150101 =>  090701,  12, 000578
25 13:24, 040101 =>  180101,   7, 000183
25 13:56, 150101 =>  090601,  11, 000603
25 14:13, 150101 =>  120601,   6, 000364
25 14:25, 150101 =>  151001,   4, 000448
25 14:36, 130101 =>  200601,   4, 000766
25 14:56, 150101 =>  021601,   7, 000419
25 15:08, 150101 =>  150501,   4, 000655
25 15:37, 040101 =>  050901,  10, 000659
25 15:45, 150101 =>  120401,   3, 000922
25 16:00, 150101 =>  070101,   5, 000276
25 16:28, 130101 =>  140201,  10, 000303
25 16:43, 130101 =>  130401,   5, 000922
25 16:52, 040101 =>  050701,   3, 000434
25 17:06, 040101 =>  040501,   5, 000399
25 17:26, 150101 =>  190101,   7, 000613
25 17:52, 130101 =>  010101,   9, 000394
25 18:01, 130101 =>  131101,   3, 000289
25 18:09, 040101 =>  081301,   3, 000250
25 18:21, 150101 =>  021701,   4, 000513
25 18:50, 040101 =>  050101,  10, 000074
25 19:04, 040101 =>  081001,   5, 000255
25 19:24, 130101 =>  010401,   7, 000827
25 19:33, 150101 =>  090401,   3, 000160
25 20:08, 040101 =>  080501,  12, 000188
25 20:16, 130101 =>  220501,   3, 000443
26 02:01, 040101 =>  250101,  42, 000524
26 02:36, 130101 =>  010101,  12, 000787
26 03:14, 040101 =>  050801,  13, 000396
26 03:34, 130101 =>  060301,   7, 000887
26 03:46, 130101 =>  061101,   4, 000549
26 04:12, 150101 =>  020901,   9, 000813
26 05:45, 150101 =>  150301,  32, 000268
26 06:14, 130101 =>  200601,  10, 000655
26 06:25, 040101 =>  211301,   4, 000171
26 07:17, 130101 =>  200201,  18, 000289
26 09:16, 150101 =>  021101,  41, 000760
26 09:42, 130101 =>  160701,   9, 000232
26 11:56, 150101 =>  021001,  46, 000458
26 12:07, 040101 =>  030401,   4, 000943
26 12:39, 130101 =>  130801,  11, 000705
26 13:26, 150101 =>  101101,  16, 000722
26 13:43, 130101 =>  060701,   6, 000951
26 14:32, 150101 =>  021501,  17, 000364
26 15:19, 040101 =>  081201,  16, 000840
26 15:54, 040101 =>  250101,  12, 000780
26 16:14, 150101 =>  120801,   7, 000771
26 16:57, 150101 =>  020301,  15, 000565
26 17:12, 150101 =>  021401,   5, 000305
26 17:29, 150101 =>  100101,   6, 000129
26 17:44, 150101 =>  090101,   5, 000912
26 17:58, 040101 =>  030101,   5, 000110
26 18:16, 130101 =>  220101,   6, 000084
26 18:33, 040101 =>  170101,   6, 000428
26 19:02, 150101 =>  120601,  10, 000509
26 19:37, 040101 =>  210401,  12, 000411
26 19:54, 150101 =>  021001,   6, 000445
26 20:06, 150101 =>  100501,   4, 000546
26 20:15, 130101 =>  220501,   3, 000132
26 20:29, 150101 =>  120701,   5, 000419
26 20:38, 130101 =>  160101,   3, 000244
26 20:44, 130101 =>  200801,   2, 000715
26 21:04, 040101 =>  211101,   7, 000427
26 21:16, 150101 =>  120401,   4, 000070
27 01:14, 040101 =>  030401,  26, 000822
27 03:56, 150101 =>  150501,  57, 000558
27 05:02, 040101 =>  050701,  23, 000142
27 07:13, 150101 =>  110201,  46, 000794
27 08:41, 150101 =>  020201,  31, 000604
27 09:52, 040101 =>  081201,  25, 000165
27 10:46, 130101 =>  220401,  19, 000233
27 12:18, 150101 =>  100501,  32, 000946
27 12:43, 040101 =>  250301,   9, 000155
27 13:26, 150101 =>  150501,  15, 000632
27 14:03, 130101 =>  061301,  13, 000407
27 14:40, 130101 =>  060401,  13, 000230
27 15:09, 040101 =>  050201,  10, 000109
27 15:46, 150101 =>  021401,  13, 000506
27 16:03, 150101 =>  070101,   6, 000923
27 16:17, 150101 =>  190201,   5, 000452
27 16:31, 150101 =>  090701,   5, 000192
27 16:57, 150101 =>  110201,   9, 000105
27 17:08, 150101 =>  020301,   4, 000353
27 17:25, 150101 =>  020201,   6, 000420
27 18:11, 040101 =>  210201,  16, 000882
27 18:22, 150101 =>  090701,   4, 000275
28 02:28, 150101 =>  100301,  53, 000212
28 03:52, 040101 =>  051001,  30, 000631
28 06:23, 150101 =>  150701,  54, 000636
28 06:37, 150101 =>  020601,   5, 000810
28 07:53, 130101 =>  060101,  27, 000283
28 08:40, 150101 =>  021401,  17, 000490
28 09:25, 040101 =>  230101,  16, 000581
28 11:00, 150101 =>  020601,  34, 000755
28 12:08, 150101 =>  150801,  24, 000217
28 12:52, 040101 =>  210501,  16, 000826
28 13:04, 040101 =>  180201,   4, 000787
28 13:37, 040101 =>  081201,  12, 000202
28 14:39, 130101 =>  010401,  22, 000885
28 15:26, 150101 =>  120701,  17, 000138
28 16:00, 130101 =>  060601,  12, 000211
28 16:20, 150101 =>  150201,   7, 000129
28 16:53, 130101 =>  130401,  12, 000010
28 17:10, 150101 =>  021101,   6, 000883
28 17:27, 150101 =>  150401,   6, 000317
28 17:38, 150101 =>  100301,   4, 000885
28 18:31, 040101 =>  040601,  19, 000208
28 19:05, 040101 =>  211001,  12, 000517
28 19:16, 150101 =>  090601,   4, 000766
28 19:24, 150101 =>  110401,   3, 000538
28 19:41, 040101 =>  170101,   6, 000358
28 19:47, 150101 =>  021001,   2, 000204
29 01:24, 040101 =>  050901,  31, 000096
29 04:34, 150101 =>  120401,  70, 000418
29 06:28, 150101 =>  020101,  42, 000132
29 07:33, 130101 =>  160201,  24, 000498
29 07:52, 130101 =>  160701,   7, 000216
29 09:03, 040101 =>  210801,  26, 000841
29 10:03, 150101 =>  110501,  22, 000409
29 10:38, 150101 =>  150901,  13, 000881
29 11:40, 040101 =>  050801,  23, 000901
29 12:24, 130101 =>  240101,  16, 000985
29 12:37, 040101 =>  170201,   5, 000726
29 12:48, 150101 =>  101101,   4, 000009
29 13:32, 150101 =>  151001,  16, 000834
29 14:02, 040101 =>  210801,  11, 000520
29 14:42, 150101 =>  120501,  15, 000536
29 15:23, 130101 =>  160301,  15, 000683
29 15:42, 040101 =>  210601,   7, 000080
29 16:07, 040101 =>  230101,   9, 000813
29 16:20, 150101 =>  021901,   5, 000363
29 16:42, 040101 =>  081001,   8, 000534
29 17:15, 150101 =>  120801,  12, 000888
29 17:34, 040101 =>  170301,   7, 000052
29 17:42, 040101 =>  210101,   3, 000684
29 17:53, 040101 =>  040601,   4, 000475
29 18:28, 150101 =>  150901,  13, 000459
29 18:55, 150101 =>  190101,  10, 000816
29 19:20, 150101 =>  120901,   9, 000081
29 19:28, 040101 =>  230201,   3, 000741
29 20:00, 130101 =>  130201,  12, 000665
29 20:08, 040101 =>  211301,   3, 000479
29 20:25, 150101 =>  020101,   6, 000613
29 20:38, 150101 =>  120201,   5, 000925
29 20:49, 040101 =>  081001,   4, 000040
29 20:52, 150101 =>  100101,   1, 000387
30 00:59, 150101 =>  090701,  22, 000427
30 02:21, 150101 =>  120101,  30, 000319
30 04:58, 150101 =>  020101,  58, 000835
30 05:17, 150101 =>  090401,   7, 000312
30 06:17, 150101 =>  021101,  22, 000116
30 06:31, 040101 =>  051101,   5, 000578
30 07:33, 040101 =>  250301,  23, 000202
30 07:47, 130101 =>  060801,   5, 000501
30 08:09, 040101 =>  050301,   8, 000518
30 08:49, 040101 =>  210701,  15, 000471
30 09:03, 040101 =>  040401,   5, 000956
30 09:33, 150101 =>  120501,  11, 000750
30 10:38, 040101 =>  180101,  24, 000284
30 11:11, 150101 =>  070101,  12, 000095
30 12:02, 040101 =>  050801,  19, 000162
30 12:27, 130101 =>  240101,   9, 000192
30 13:13, 130101 =>  130601,  17, 000005
30 13:48, 040101 =>  210601,  13, 000950
30 14:48, 130101 =>  220801,  22, 000110
30 15:18, 130101 =>  060801,  11, 000112
30 15:39, 040101 =>  040401,   8, 000882
30 15:58, 040101 =>  210501,   7, 000925
30 16:12, 150101 =>  120901,   5, 000305
30 16:26, 150101 =>  101101,   5, 000593
30 16:58, 130101 =>  010501,  12, 000904
30 17:09, 040101 =>  040301,   4, 000885
30 17:25, 150101 =>  101101,   6, 000042
30 17:47, 130101 =>  160601,   8, 000822
30 17:55, 040101 =>  050401,   3, 000755
30 18:06, 040101 =>  210801,   4, 000457
30 18:33, 150101 =>  090601,  10, 000976
30 19:11, 150101 =>  100101,  14, 000193
30 19:22, 040101 =>  050501,   4, 000740
30 19:30, 040101 =>  210201,   3, 000701
30 20:08, 150101 =>  020101,  14, 000552
30 20:30, 150101 =>  100301,   8, 000623
30 20:49, 150101 =>  100401,   7, 000467
30 21:00, 150101 =>  020101,   4, 000924
30 21:11, 150101 =>  101001,   4, 000562
30 21:22, 150101 =>  150401,   4, 000080
