01 01:20, 150101 =>  120201,  30, 000169
01 02:05, 130101 =>  061101,  17, 000361
01 02:32, 040101 =>  210901,  10, 000904
01 04:10, 040101 =>  230101,  37, 000023
01 05:09, 040101 =>  040201,  22, 000428
01 05:33, 150101 =>  101001,   9, 000548
01 06:26, 040101 =>  210301,  20, 000050
01 07:14, 130101 =>  220501,  18, 000381
01 09:22, 150101 =>  151001,  48, 000821
01 10:00, 040101 =>  211301,  14, 000406
01 10:26, 040101 =>  170201,  10, 000814
01 10:42, 040101 =>  040301,   6, 000716
01 11:04, 130101 =>  200301,   8, 000200
01 11:12, 040101 =>  210401,   3, 000848
01 11:36, 130101 =>  200601,   9, 000939
01 12:10, 130101 =>  220101,  13, 000624
01 12:21, 040101 =>  210301,   4, 000608
01 12:34, 040101 =>  080701,   5, 000408
01 12:50, 040101 =>  050601,   6, 000596
01 13:04, 040101 =>  051001,   5, 000769
01 13:20, 130101 =>  220601,   6, 000333
01 13:57, 150101 =>  150901,  14, 000107
01 14:26, 150101 =>  110201,  11, 000980
01 15:20, 150101 =>  020801,  20, 000636
01 16:37, 150101 =>  020201,  29, 000265
01 16:58, 150101 =>  120801,   8, 000320
01 17:06, 040101 =>  080701,   3, 000750
01 17:30, 150101 =>  120701,   9, 000112
01 17:36, 040101 =>  040601,   2, 000792
02 00:13, 150101 =>  021101,   5, 000601
02 01:47, 150101 =>  020101,  35, 000281
02 03:42, 150101 =>  120501,  43, 000978
02 04:31, 040101 =>  051001,  18, 000269
02 05:19, 150101 =>  120401,  18, 000601
02 06:04, 150101 =>  070101,  17, 000710
02 07:30, 150101 =>  150401,  32, 000025
02 09:20, 040101 =>  080201,  41, 000266
02 09:42, 040101 =>  050101,   8, 000385
02 10:49, 150101 =>  021801,  25, 000915
02 11:48, 130101 =>  010601,  22, 000453
02 12:15, 130101 =>  060201,  10, 000568
02 12:58, 130101 =>  160101,  16, 000510
02 13:49, 040101 =>  050401,  19, 000363
02 14:13, 130101 =>  061101,   9, 000634
02 14:26, 150101 =>  090301,   5, 000793
02 14:37, 150101 =>  150701,   4, 000117
02 14:45, 150101 =>  090101,   3, 000297
02 14:53, 130101 =>  130801,   3, 000266
02 15:33, 150101 =>  021601,  15, 000336
02 15:47, 150101 =>  020101,   5, 000728
02 16:06, 040101 =>  230401,   7, 000260
02 16:24, 150101 =>  150301,   7, 000223
02 16:51, 150101 =>  021101,  10, 000554
02 17:42, 040101 =>  080101,  19, 000815
02 17:53, 130101 =>  131201,   4, 000667
02 18:22, 040101 =>  250401,  11, 000556
02 18:36, 150101 =>  120801,   5, 000659
02 18:52, 150101 =>  120201,   6, 000547
02 19:08, 150101 =>  150601,   6, 000537
02 19:19, 150101 =>  100901,   4, 000219
02 19:46, 040101 =>  180301,  10, 000198
02 20:07, 130101 =>  130901,   8, 000770
03 00:10, 150101 =>  110501,   4, 000650
03 00:36, 150101 =>  021701,  10, 000960
03 01:19, 130101 =>  220501,  16, 000270
03 02:06, 150101 =>  090201,  18, 000338
03 04:07, 040101 =>  050301,  46, 000312
03 06:50, 150101 =>  120801,  62, 000364
03 07:19, 150101 =>  090501,  11, 000848
03 08:33, 150101 =>  120201,  28, 000108
03 09:36, 130101 =>  061301,  24, 000580
03 09:55, 040101 =>  230401,   7, 000037
03 10:29, 130101 =>  160201,  13, 000268
03 11:37, 040101 =>  030201,  26, 000067
03 12:38, 040101 =>  050801,  23, 000481
03 13:04, 150101 =>  150701,  10, 000839
03 13:28, 150101 =>  151001,   9, 000334
03 14:42, 150101 =>  151001,  28, 000556
03 15:32, 150101 =>  101001,  19, 000843
03 16:16, 150101 =>  120101,  17, 000132
03 16:35, 150101 =>  150501,   7, 000313
03 16:48, 040101 =>  040801,   5, 000330
03 17:14, 150101 =>  100301,  10, 000253
03 17:46, 130101 =>  221001,  12, 000147
03 18:12, 040101 =>  080601,  10, 000931
03 18:31, 150101 =>  020901,   7, 000183
03 18:41, 040101 =>  080301,   4, 000903
03 18:54, 150101 =>  150801,   5, 000892
03 19:08, 040101 =>  050601,   5, 000061
03 19:18, 150101 =>  120301,   4, 000011
03 19:39, 040101 =>  050101,   8, 000242
03 19:45, 150101 =>  090301,   2, 000620
04 00:48, 040101 =>  080401,  19, 000813
04 01:47, 130101 =>  240201,  23, 000995
04 04:42, 150101 =>  021301,  68, 000093
04 05:23, 040101 =>  050801,  16, 000407
04 06:07, 040101 =>  030301,  17, 000164
04 08:02, 150101 =>  150701,  45, 000242
04 08:28, 040101 =>  050201,  10, 000388
04 10:13, 150101 =>  090601,  41, 000794
04 10:49, 040101 =>  080101,  14, 000782
04 11:30, 150101 =>  120101,  16, 000053
04 11:50, 150101 =>  110101,   8, 000012
04 12:44, 130101 =>  060401,  21, 000171
04 13:02, 040101 =>  080701,   7, 000494
04 14:04, 040101 =>  030501,  24, 000144
04 14:14, 040101 =>  250101,   4, 000892
04 14:30, 040101 =>  081201,   6, 000997
04 15:03, 040101 =>  050201,  13, 000742
04 16:05, 150101 =>  020101,  24, 000902
04 16:23, 150101 =>  100301,   7, 000303
04 16:43, 040101 =>  210501,   8, 000687
04 17:19, 150101 =>  151001,  14, 000056
04 17:37, 040101 =>  180301,   7, 000938
04 18:10, 150101 =>  120301,  13, 000599
04 18:21, 150101 =>  090201,   4, 000907
04 18:49, 130101 =>  060501,  11, 000662
04 19:07, 130101 =>  060201,   7, 000227
04 19:25, 130101 =>  130401,   7, 000876
04 19:38, 040101 =>  230401,   5, 000874
04 19:50, 150101 =>  020101,   5, 000756
04 20:01, 040101 =>  230101,   4, 000793
04 20:24, 130101 =>  220601,   9, 000675
04 20:34, 150101 =>  150901,   4, 000486
04 20:42, 130101 =>  060601,   3, 000323
05 00:33, 150101 =>  020901,  13, 000714
05 01:44, 150101 =>  090501,  28, 000519
05 04:27, 150101 =>  190301,  64, 000393
05 06:22, 150101 =>  020401,  45, 000764
05 07:26, 040101 =>  030701,  25, 000961
05 07:54, 150101 =>  120301,  11, 000318
05 09:13, 150101 =>  021501,  31, 000212
05 10:06, 150101 =>  150501,  21, 000862
05 10:32, 150101 =>  110401,  10, 000804
05 12:14, 040101 =>  170101,  40, 000027
05 13:07, 130101 =>  130601,  21, 000206
05 13:48, 040101 =>  040601,  16, 000135
05 14:06, 040101 =>  040501,   7, 000377
05 14:39, 150101 =>  020801,  13, 000153
05 15:05, 150101 =>  190101,  10, 000203
05 15:15, 150101 =>  021501,   4, 000771
05 15:35, 040101 =>  170201,   8, 000724
05 16:09, 040101 =>  040501,  13, 000296
05 16:39, 040101 =>  050401,  12, 000105
05 17:05, 040101 =>  050501,  10, 000432
05 17:17, 150101 =>  150401,   5, 000637
05 17:28, 150101 =>  101001,   4, 000208
05 17:51, 040101 =>  230301,   9, 000796
06 01:17, 040101 =>  050301,  31, 000671
06 01:45, 150101 =>  100601,  11, 000516
06 01:57, 130101 =>  200201,   5, 000725
06 03:10, 040101 =>  080301,  29, 000849
06 04:27, 150101 =>  100301,  31, 000868
06 05:02, 150101 =>  190301,  14, 000806
06 05:35, 150101 =>  021001,  13, 000737
06 06:50, 040101 =>  250301,  30, 000934
06 07:35, 040101 =>  170301,  18, 000266
06 08:05, 150101 =>  020601,  12, 000326
06 08:22, 150101 =>  090401,   7, 000305
06 09:05, 150101 =>  022001,  17, 000455
06 09:30, 130101 =>  060501,  10, 000613
06 10:37, 150101 =>  150801,  27, 000328
06 11:17, 040101 =>  210301,  16, 000646
06 11:32, 150101 =>  150601,   6, 000192
06 12:10, 150101 =>  090401,  15, 000233
06 13:07, 130101 =>  200101,  23, 000806
06 13:55, 150101 =>  190201,  19, 000771
06 14:05, 040101 =>  040501,   4, 000697
06 14:17, 130101 =>  130501,   5, 000128
06 14:35, 040101 =>  250101,   7, 000924
06 14:45, 150101 =>  110201,   4, 000757
06 15:35, 130101 =>  010601,  20, 000415
06 15:47, 040101 =>  211301,   5, 000257
06 16:25, 150101 =>  090101,  15, 000796
06 16:40, 040101 =>  050601,   6, 000198
06 16:52, 040101 =>  230301,   5, 000296
06 17:32, 150101 =>  120501,  16, 000535
06 18:07, 150101 =>  090201,  14, 000351
06 18:32, 150101 =>  090701,  10, 000909
06 18:40, 040101 =>  210401,   3, 000150
06 19:05, 150101 =>  150901,  10, 000267
06 19:15, 150101 =>  101001,   4, 000952
06 19:25, 150101 =>  021501,   4, 000531
06 19:32, 040101 =>  050301,   3, 000933
06 20:07, 130101 =>  140301,  14, 000341
06 20:20, 150101 =>  150901,   5, 000841
06 20:30, 150101 =>  150301,   4, 000679
06 20:47, 130101 =>  131201,   7, 000034
06 21:05, 130101 =>  010501,   7, 000490
06 21:15, 150101 =>  021301,   4, 000301
06 21:20, 150101 =>  022001,   2, 000924
07 02:09, 150101 =>  020301,  53, 000569
07 03:06, 130101 =>  200301,  23, 000569
07 04:12, 040101 =>  040401,  27, 000991
07 06:49, 150101 =>  110201,  64, 000927
07 07:06, 130101 =>  131101,   7, 000101
07 07:33, 150101 =>  100501,  11, 000453
07 08:29, 150101 =>  110501,  23, 000500
07 09:52, 150101 =>  150501,  34, 000480
07 10:37, 130101 =>  010401,  18, 000282
07 11:23, 150101 =>  150301,  19, 000523
07 12:29, 040101 =>  211301,  27, 000491
07 12:54, 130101 =>  140101,  10, 000793
07 13:04, 040101 =>  081201,   4, 000123
07 13:26, 040101 =>  250201,   9, 000179
07 14:07, 150101 =>  090101,  17, 000308
07 14:22, 150101 =>  110201,   6, 000470
07 14:46, 130101 =>  060801,  10, 000400
07 14:59, 150101 =>  020401,   5, 000163
07 15:16, 150101 =>  101001,   7, 000370
07 15:33, 040101 =>  080501,   7, 000327
07 15:53, 150101 =>  090301,   8, 000573
07 16:00, 150101 =>  150801,   3, 000736
07 16:32, 130101 =>  061101,  13, 000548
07 16:46, 150101 =>  020301,   6, 000244
07 16:59, 150101 =>  110401,   5, 000485
07 17:11, 150101 =>  120901,   5, 000820
07 17:18, 150101 =>  020501,   3, 000408
08 01:06, 040101 =>  030701,  27, 000569
08 03:33, 150101 =>  020101,  60, 000833
08 05:55, 150101 =>  120801,  58, 000154
08 07:13, 150101 =>  110501,  32, 000124
08 08:46, 040101 =>  210101,  38, 000487
08 09:18, 150101 =>  190301,  13, 000324
08 10:17, 040101 =>  050501,  24, 000659
08 11:21, 130101 =>  160301,  26, 000716
08 12:00, 150101 =>  151001,  16, 000495
08 12:22, 150101 =>  190301,   9, 000454
08 13:21, 150101 =>  021101,  24, 000462
08 14:00, 150101 =>  150501,  16, 000924
08 14:37, 150101 =>  090401,  15, 000374
08 15:01, 040101 =>  050501,  10, 000032
08 16:02, 130101 =>  220301,  25, 000889
08 16:20, 130101 =>  010601,   7, 000455
08 16:59, 130101 =>  130601,  16, 000804
08 17:45, 040101 =>  080801,  19, 000725
08 18:07, 150101 =>  021601,   9, 000310
08 18:32, 040101 =>  080801,  10, 000920
08 18:44, 150101 =>  020601,   5, 000027
08 19:13, 040101 =>  210201,  12, 000641
08 19:23, 150101 =>  020201,   4, 000591
08 19:43, 130101 =>  160101,   8, 000445
08 19:53, 130101 =>  220601,   4, 000571
08 20:02, 130101 =>  130601,   4, 000047
08 20:12, 150101 =>  150401,   4, 000928
08 20:25, 040101 =>  210701,   5, 000424
08 20:37, 130101 =>  220801,   5, 000911
08 20:44, 040101 =>  040201,   3, 000796
08 20:54, 150101 =>  090601,   4, 000540
08 21:04, 040101 =>  080801,   4, 000316
08 21:16, 130101 =>  010101,   5, 000307
08 21:23, 040101 =>  210601,   3, 000059
08 21:31, 040101 =>  210801,   3, 000252
08 21:36, 040101 =>  210101,   2, 000188
09 01:00, 040101 =>  080501,  25, 000497
09 01:12, 130101 =>  220601,   5, 000239
09 01:28, 130101 =>  130601,   7, 000351
09 03:50, 150101 =>  120701,  59, 000165
09 05:31, 150101 =>  150601,  42, 000095
09 06:04, 040101 =>  210501,  14, 000467
09 08:02, 150101 =>  100901,  49, 000268
09 08:57, 130101 =>  220801,  23, 000001
09 09:36, 150101 =>  150901,  16, 000113
09 10:09, 150101 =>  090401,  14, 000129
09 11:24, 150101 =>  150701,  31, 000416
09 12:28, 040101 =>  080401,  27, 000801
09 12:52, 150101 =>  190201,  10, 000177
09 13:07, 150101 =>  150801,   6, 000851
09 13:48, 150101 =>  020301,  17, 000023
09 14:04, 150101 =>  021701,   7, 000113
09 14:36, 130101 =>  061101,  13, 000191
09 14:55, 150101 =>  150801,   8, 000559
09 15:07, 150101 =>  150901,   5, 000290
09 15:43, 130101 =>  200701,  15, 000488
09 15:52, 150101 =>  090501,   4, 000016
09 16:02, 150101 =>  120201,   4, 000083
09 16:12, 150101 =>  090401,   4, 000714
09 16:19, 130101 =>  010701,   3, 000263
09 17:33, 040101 =>  080401,  31, 000186
10 00:52, 150101 =>  020901,  22, 000494
10 03:18, 150101 =>  110501,  62, 000420
10 04:27, 040101 =>  080401,  29, 000980
10 05:28, 150101 =>  090101,  26, 000481
10 07:06, 150101 =>  021101,  41, 000779
10 07:22, 040101 =>  051101,   7, 000883
10 07:46, 130101 =>  060801,  10, 000812
10 07:55, 150101 =>  090701,   4, 000147
10 08:19, 150101 =>  021401,  10, 000601
10 08:45, 150101 =>  120101,  11, 000442
10 10:03, 040101 =>  210101,  33, 000865
10 11:19, 150101 =>  150401,  32, 000130
10 11:38, 150101 =>  190301,   8, 000683
10 11:54, 150101 =>  020901,   7, 000115
10 12:11, 150101 =>  021201,   7, 000513
10 12:37, 040101 =>  051001,  11, 000098
10 13:12, 150101 =>  150901,  15, 000652
10 13:22, 150101 =>  100701,   4, 000098
10 14:14, 130101 =>  060401,  22, 000490
10 14:52, 040101 =>  170101,  16, 000688
10 15:27, 040101 =>  230101,  15, 000835
10 15:44, 130101 =>  010401,   7, 000371
10 16:10, 150101 =>  100101,  11, 000076
10 16:41, 040101 =>  080301,  13, 000352
10 17:02, 150101 =>  020701,   9, 000732
10 17:16, 150101 =>  021601,   6, 000982
10 17:47, 040101 =>  211101,  13, 000127
10 18:34, 130101 =>  160201,  20, 000043
10 19:12, 130101 =>  060501,  16, 000084
10 19:19, 040101 =>  250401,   3, 000213
10 19:40, 040101 =>  080401,   9, 000302
10 19:50, 150101 =>  100201,   4, 000663
10 20:04, 130101 =>  060101,   6, 000444
11 01:55, 150101 =>  100901,  50, 000814
11 02:13, 040101 =>  250101,   8, 000704
11 02:50, 150101 =>  110201,  16, 000732
11 04:22, 040101 =>  081101,  40, 000828
11 04:42, 040101 =>  210101,   9, 000223
11 05:28, 130101 =>  130701,  20, 000715
11 06:42, 150101 =>  021401,  32, 000551
11 08:51, 150101 =>  110301,  56, 000087
11 09:55, 130101 =>  130201,  28, 000118
11 10:46, 150101 =>  120801,  22, 000212
11 11:18, 150101 =>  151001,  14, 000350
11 11:50, 150101 =>  090601,  14, 000073
11 11:59, 150101 =>  021601,   4, 000235
11 12:57, 040101 =>  210101,  25, 000456
11 13:08, 150101 =>  110101,   5, 000428
11 13:15, 130101 =>  200801,   3, 000327
11 13:38, 040101 =>  050301,  10, 000873
11 13:57, 150101 =>  021801,   8, 000036
11 14:45, 150101 =>  100401,  21, 000916
11 15:03, 150101 =>  120301,   8, 000770
11 15:36, 040101 =>  080301,  14, 000660
11 15:43, 040101 =>  030101,   3, 000013
11 15:59, 040101 =>  050201,   7, 000108
11 16:12, 150101 =>  150901,   6, 000484
11 17:01, 130101 =>  200501,  21, 000160
11 17:26, 040101 =>  030701,  11, 000757
11 17:42, 130101 =>  140101,   7, 000541
11 18:05, 130101 =>  200201,  10, 000365
11 18:14, 130101 =>  160401,   4, 000586
11 18:33, 040101 =>  230301,   8, 000686
11 19:00, 150101 =>  120401,  12, 000219
11 19:10, 150101 =>  150401,   4, 000639
11 19:37, 040101 =>  080501,  12, 000725
11 19:51, 150101 =>  021401,   6, 000520
11 20:02, 150101 =>  100201,   5, 000490
11 20:09, 040101 =>  050901,   3, 000907
11 20:23, 130101 =>  060201,   6, 000269
11 20:32, 130101 =>  010201,   4, 000549
11 20:42, 150101 =>  021901,   4, 000988
11 20:53, 040101 =>  080801,   5, 000434
12 00:22, 130101 =>  060801,  10, 000708
12 00:34, 040101 =>  050501,   5, 000399
12 01:42, 040101 =>  040801,  30, 000290
12 04:52, 150101 =>  021601,  83, 000122
12 07:00, 150101 =>  120101,  56, 000451
12 08:33, 040101 =>  081301,  41, 000164
12 09:44, 130101 =>  220301,  31, 000352
12 10:21, 130101 =>  060201,  16, 000034
12 11:45, 150101 =>  120901,  37, 000167
12 12:15, 130101 =>  140301,  13, 000186
12 13:00, 040101 =>  050501,  20, 000463
12 13:23, 130101 =>  130401,  10, 000533
12 13:57, 150101 =>  020901,  15, 000634
12 14:27, 040101 =>  080201,  13, 000930
12 14:52, 150101 =>  120801,  11, 000459
12 15:06, 130101 =>  060101,   6, 000481
12 15:52, 040101 =>  040801,  20, 000985
12 16:21, 040101 =>  230301,  13, 000551
12 16:35, 130101 =>  240101,   6, 000566
12 16:46, 040101 =>  050301,   5, 000297
12 17:05, 150101 =>  021001,   8, 000149
12 17:18, 150101 =>  021001,   6, 000711
12 18:02, 150101 =>  100201,  19, 000657
12 18:22, 040101 =>  050201,   9, 000391
12 18:43, 130101 =>  140101,   9, 000152
12 19:15, 150101 =>  021301,  14, 000831
12 19:24, 040101 =>  170301,   4, 000079
12 19:38, 150101 =>  090601,   6, 000375
12 19:47, 130101 =>  220801,   4, 000933
12 20:03, 150101 =>  020401,   7, 000068
12 20:10, 130101 =>  240301,   3, 000062
12 20:17, 040101 =>  050101,   3, 000987
12 20:23, 130101 =>  060801,   3, 000015
12 20:46, 150101 =>  120501,  10, 000387
12 20:55, 040101 =>  080901,   4, 000281
12 21:07, 150101 =>  100301,   5, 000017
12 21:16, 150101 =>  020801,   4, 000744
12 21:25, 150101 =>  070101,   4, 000220
12 21:32, 150101 =>  021901,   3, 000205
13 01:11, 040101 =>  040201,  31, 000601
13 02:05, 040101 =>  211201,  23, 000900
13 03:44, 150101 =>  110101,  43, 000695
13 04:35, 040101 =>  040401,  22, 000093
13 07:15, 150101 =>  021601,  69, 000082
13 07:27, 040101 =>  050801,   5, 000163
13 08:41, 150101 =>  021501,  32, 000682
13 09:09, 150101 =>  120901,  12, 000038
13 10:20, 150101 =>  110401,  31, 000495
13 11:07, 040101 =>  080801,  20, 000682
13 11:35, 040101 =>  051001,  12, 000040
13 11:51, 150101 =>  110401,   7, 000357
13 12:14, 150101 =>  150601,  10, 000738
13 12:42, 130101 =>  200701,  12, 000879
13 13:40, 130101 =>  200301,  25, 000978
13 14:10, 040101 =>  081001,  13, 000479
13 14:38, 150101 =>  150601,  12, 000471
13 15:22, 130101 =>  010501,  19, 000574
13 15:52, 150101 =>  021901,  13, 000088
13 16:33, 130101 =>  220401,  18, 000206
13 17:17, 150101 =>  020701,  19, 000291
13 17:31, 130101 =>  220801,   6, 000991
13 18:04, 150101 =>  070101,  14, 000829
13 18:18, 150101 =>  150901,   6, 000196
13 18:34, 150101 =>  110201,   7, 000013
13 18:41, 150101 =>  021801,   3, 000132
13 18:57, 040101 =>  211001,   7, 000488
13 19:06, 150101 =>  100401,   4, 000663
13 19:16, 150101 =>  021201,   4, 000013
14 02:10, 150101 =>  190101,  59, 000207
14 03:54, 040101 =>  050401,  47, 000162
14 05:05, 040101 =>  030401,  32, 000417
14 06:23, 150101 =>  110201,  35, 000340
14 08:25, 150101 =>  120101,  55, 000413
14 08:52, 130101 =>  220801,  12, 000890
14 09:47, 130101 =>  130301,  25, 000780
14 10:18, 130101 =>  060901,  14, 000542
14 10:36, 130101 =>  140101,   8, 000220
14 10:47, 040101 =>  080301,   5, 000818
14 12:22, 150101 =>  101101,  43, 000353
14 13:37, 150101 =>  090301,  34, 000315
14 14:44, 040101 =>  080601,  30, 000245
14 14:55, 150101 =>  110501,   5, 000086
14 15:44, 150101 =>  100301,  22, 000559
14 15:55, 150101 =>  190201,   5, 000995
14 16:13, 040101 =>  040801,   8, 000325
14 16:26, 150101 =>  120401,   6, 000202
14 16:46, 150101 =>  020701,   9, 000858
14 16:55, 150101 =>  150601,   4, 000008
14 17:15, 040101 =>  210201,   9, 000265
14 17:35, 150101 =>  110501,   9, 000597
14 17:55, 040101 =>  050601,   9, 000049
14 18:06, 150101 =>  120901,   5, 000791
14 18:15, 040101 =>  250101,   4, 000704
14 18:26, 150101 =>  120101,   5, 000478
14 18:30, 150101 =>  100701,   2, 000538
15 00:13, 130101 =>  220801,   6, 000917
15 02:10, 040101 =>  050501,  52, 000036
15 02:19, 130101 =>  060801,   4, 000493
15 04:09, 150101 =>  110501,  49, 000577
15 05:26, 150101 =>  090701,  34, 000836
15 06:31, 040101 =>  170201,  29, 000117
15 06:54, 130101 =>  130301,  10, 000086
15 09:00, 150101 =>  101101,  56, 000668
15 10:21, 150101 =>  150801,  36, 000455
15 10:52, 040101 =>  230301,  14, 000957
15 11:15, 150101 =>  110401,  10, 000314
15 12:02, 130101 =>  060101,  21, 000387
15 13:00, 150101 =>  020601,  26, 000278
15 13:25, 150101 =>  090201,  11, 000736
15 13:48, 150101 =>  101101,  10, 000122
15 14:28, 130101 =>  240301,  18, 000220
15 14:48, 130101 =>  160301,   9, 000027
15 15:27, 150101 =>  150901,  17, 000231
15 15:49, 150101 =>  090301,  10, 000457
15 16:03, 150101 =>  101101,   6, 000042
15 16:18, 150101 =>  090301,   7, 000235
15 16:36, 150101 =>  090101,   8, 000011
15 17:30, 040101 =>  040701,  24, 000355
15 17:39, 130101 =>  060801,   4, 000286
15 18:15, 040101 =>  030501,  16, 000205
15 18:27, 150101 =>  090201,   5, 000084
15 18:36, 150101 =>  021001,   4, 000656
15 18:45, 150101 =>  020201,   4, 000131
15 19:07, 130101 =>  130301,  10, 000240
16 00:43, 130101 =>  200701,  20, 000968
16 02:17, 040101 =>  210101,  44, 000916
16 03:17, 040101 =>  050101,  28, 000311
16 05:46, 150101 =>  150201,  69, 000950
16 07:25, 150101 =>  021801,  46, 000652
16 08:12, 150101 =>  150901,  22, 000749
16 08:20, 130101 =>  061101,   4, 000711
16 09:08, 040101 =>  210701,  22, 000473
16 09:29, 150101 =>  021601,  10, 000041
16 09:49, 040101 =>  080501,   9, 000711
16 10:25, 150101 =>  100401,  17, 000160
16 11:10, 150101 =>  120901,  21, 000128
16 12:04, 150101 =>  020401,  25, 000936
16 12:56, 040101 =>  230101,  24, 000376
16 13:34, 040101 =>  080901,  18, 000739
16 14:37, 130101 =>  061301,  29, 000708
16 15:03, 040101 =>  210901,  12, 000965
16 15:18, 040101 =>  050101,   7, 000958
16 15:24, 040101 =>  081101,   3, 000346
16 16:09, 150101 =>  120401,  21, 000103
16 16:18, 130101 =>  140101,   4, 000487
16 17:05, 150101 =>  110501,  22, 000108
16 17:39, 130101 =>  140101,  16, 000089
16 17:59, 150101 =>  021001,   9, 000165
16 18:29, 150101 =>  100301,  14, 000937
16 18:53, 150101 =>  120601,  11, 000038
16 19:14, 130101 =>  061101,  10, 000898
16 19:21, 040101 =>  040801,   3, 000785
16 19:42, 130101 =>  010401,  10, 000436
16 19:57, 150101 =>  090601,   7, 000760
16 20:06, 150101 =>  021901,   4, 000076
16 20:27, 130101 =>  220201,  10, 000865
16 20:42, 130101 =>  200101,   7, 000650
16 20:55, 130101 =>  200301,   6, 000886
16 21:04, 150101 =>  020601,   4, 000912
16 21:10, 150101 =>  020201,   3, 000274
17 01:11, 130101 =>  220701,  33, 000343
17 01:46, 150101 =>  020201,  16, 000881
17 04:59, 150101 =>  020501,  89, 000464
17 05:38, 150101 =>  100801,  18, 000907
17 06:58, 150101 =>  120301,  37, 000814
17 07:06, 150101 =>  021901,   4, 000474
17 08:29, 150101 =>  101101,  38, 000402
17 09:19, 150101 =>  021401,  23, 000325
17 10:08, 150101 =>  020301,  23, 000810
17 10:45, 150101 =>  090301,  17, 000441
17 12:01, 040101 =>  081301,  35, 000900
17 13:00, 040101 =>  050201,  27, 000077
17 13:19, 150101 =>  021401,   9, 000903
17 14:00, 040101 =>  030101,  19, 000208
17 14:20, 150101 =>  120501,   9, 000148
17 14:46, 040101 =>  040501,  12, 000930
17 14:52, 150101 =>  110101,   3, 000884
17 15:10, 150101 =>  100801,   8, 000883
17 15:18, 150101 =>  120401,   4, 000281
17 15:59, 130101 =>  200101,  19, 000971
17 16:08, 150101 =>  020501,   4, 000838
17 16:15, 150101 =>  101001,   3, 000265
17 16:56, 130101 =>  200401,  19, 000908
18 03:13, 150101 =>  151001,  92, 000917
18 04:43, 150101 =>  100501,  43, 000621
18 05:50, 130101 =>  160401,  32, 000689
18 07:33, 150101 =>  100101,  49, 000798
18 08:09, 150101 =>  150901,  17, 000378
18 08:55, 150101 =>  120901,  22, 000349
18 09:48, 040101 =>  230101,  25, 000021
18 10:00, 150101 =>  150501,   6, 000921
18 10:25, 130101 =>  061001,  12, 000558
18 10:51, 130101 =>  060801,  12, 000714
18 11:24, 150101 =>  150401,  16, 000648
18 11:41, 040101 =>  040601,   8, 000311
18 12:42, 040101 =>  030101,  29, 000984
18 13:28, 150101 =>  090401,  22, 000593
18 14:29, 040101 =>  170101,  29, 000071
18 15:09, 130101 =>  061101,  19, 000475
18 15:42, 150101 =>  021401,  16, 000516
18 16:43, 040101 =>  250101,  29, 000093
18 17:23, 040101 =>  210901,  19, 000272
18 17:36, 150101 =>  021101,   6, 000461
18 17:53, 150101 =>  100701,   8, 000246
18 18:01, 150101 =>  100801,   4, 000895
18 18:18, 130101 =>  061001,   8, 000474
18 18:47, 130101 =>  061001,  14, 000555
18 19:00, 150101 =>  021601,   6, 000300
18 19:08, 150101 =>  020301,   4, 000646
18 19:12, 150101 =>  020101,   2, 000650
19 01:33, 040101 =>  230101,  44, 000020
19 02:07, 150101 =>  100501,  16, 000735
19 03:02, 150101 =>  100601,  26, 000646
19 04:05, 150101 =>  090601,  30, 000116
19 05:28, 150101 =>  100801,  39, 000888
19 06:44, 040101 =>  080301,  36, 000961
19 07:58, 150101 =>  120501,  35, 000348
19 08:36, 150101 =>  021601,  18, 000820
19 09:33, 150101 =>  020801,  27, 000220
19 10:37, 130101 =>  010601,  30, 000664
19 11:02, 130101 =>  131001,  12, 000199
19 11:10, 150101 =>  110101,   4, 000698
19 12:06, 130101 =>  060201,  26, 000744
19 12:39, 040101 =>  080701,  16, 000206
19 12:50, 130101 =>  060701,   5, 000091
19 13:13, 130101 =>  140101,  11, 000688
19 13:24, 040101 =>  230301,   5, 000787
19 14:17, 150101 =>  120501,  25, 000785
19 14:23, 040101 =>  210601,   3, 000401
19 14:44, 150101 =>  110201,  10, 000790
19 14:51, 130101 =>  010601,   3, 000122
19 15:35, 150101 =>  120901,  21, 000446
19 16:09, 150101 =>  021801,  16, 000114
19 16:43, 040101 =>  170201,  16, 000847
19 17:17, 040101 =>  210601,  16, 000654
19 17:31, 040101 =>  210901,   7, 000157
19 17:38, 040101 =>  050501,   3, 000256
19 17:57, 130101 =>  200701,   9, 000397
19 18:14, 150101 =>  120801,   8, 000042
19 18:35, 040101 =>  080101,  10, 000250
19 18:52, 150101 =>  150301,   8, 000611
19 19:09, 150101 =>  090201,   8, 000884
19 19:15, 040101 =>  230101,   3, 000787
19 19:24, 130101 =>  131201,   4, 000935
19 19:36, 040101 =>  210101,   6, 000545
19 19:45, 150101 =>  150501,   4, 000529
19 19:53, 150101 =>  150501,   4, 000340
19 20:04, 150101 =>  150401,   5, 000788
19 20:14, 040101 =>  211001,   5, 000196
19 20:23, 150101 =>  021001,   4, 000368
19 20:29, 150101 =>  021901,   3, 000534
19 20:38, 040101 =>  210901,   4, 000868
20 01:12, 040101 =>  210401,  35, 000512
20 02:35, 040101 =>  210801,  40, 000785
20 05:36, 150101 =>  100101,  88, 000354
20 06:12, 150101 =>  150201,  17, 000270
20 07:26, 130101 =>  131101,  36, 000363
20 08:05, 040101 =>  180201,  19, 000657
20 09:01, 130101 =>  220501,  27, 000053
20 09:57, 040101 =>  030601,  27, 000817
20 10:34, 130101 =>  131101,  18, 000780
20 10:46, 130101 =>  221001,   6, 000983
20 10:53, 130101 =>  130201,   3, 000286
20 11:07, 130101 =>  220701,   7, 000414
20 11:13, 130101 =>  010201,   3, 000074
20 11:22, 130101 =>  160501,   4, 000325
20 11:38, 130101 =>  010601,   8, 000212
20 12:15, 040101 =>  180301,  18, 000967
20 12:40, 150101 =>  190201,  12, 000480
20 12:46, 130101 =>  220601,   3, 000136
20 13:01, 040101 =>  050701,   7, 000978
20 14:50, 150101 =>  101001,  53, 000904
20 15:07, 040101 =>  040601,   8, 000105
20 15:13, 130101 =>  200601,   3, 000577
20 15:21, 130101 =>  131101,   4, 000656
20 15:27, 040101 =>  051001,   3, 000620
20 16:19, 150101 =>  120801,  25, 000165
20 16:40, 150101 =>  100101,  10, 000205
20 17:13, 150101 =>  110501,  16, 000178
20 17:21, 040101 =>  040501,   4, 000281
20 17:27, 130101 =>  220601,   3, 000465
20 17:31, 130101 =>  160601,   2, 000634
20 18:11, 150101 =>  100801,  19, 000984
20 18:31, 040101 =>  170201,  10, 000525
20 18:56, 150101 =>  020301,  12, 000236
21 00:59, 130101 =>  240201,  29, 000500
21 01:22, 040101 =>  030701,  11, 000400
21 02:06, 130101 =>  200601,  21, 000373
21 02:57, 040101 =>  210401,  25, 000321
21 03:37, 040101 =>  210101,  19, 000510
21 05:26, 150101 =>  190101,  53, 000441
21 06:49, 150101 =>  150801,  40, 000506
21 07:16, 150101 =>  101001,  13, 000003
21 07:49, 130101 =>  200501,  16, 000192
21 08:53, 040101 =>  080901,  31, 000892
21 10:34, 150101 =>  190301,  49, 000857
21 10:42, 130101 =>  060301,   4, 000532
21 11:28, 150101 =>  090201,  22, 000430
21 12:48, 150101 =>  090301,  39, 000070
21 13:48, 150101 =>  150301,  29, 000885
21 14:48, 040101 =>  250101,  29, 000660
21 15:11, 150101 =>  120301,  11, 000472
21 15:23, 150101 =>  110501,   6, 000530
21 15:38, 150101 =>  021801,   7, 000989
21 16:03, 150101 =>  150801,  12, 000376
21 16:19, 150101 =>  120901,   8, 000563
21 16:38, 130101 =>  160201,   9, 000790
21 16:52, 130101 =>  010701,   7, 000801
21 17:05, 130101 =>  060801,   6, 000722
21 17:31, 130101 =>  010501,  13, 000965
21 17:38, 150101 =>  150201,   3, 000744
21 17:56, 040101 =>  080801,   9, 000498
21 18:09, 040101 =>  210201,   6, 000289
21 18:19, 130101 =>  010301,   5, 000062
21 18:31, 040101 =>  030701,   6, 000417
21 18:42, 150101 =>  021801,   5, 000747
21 18:48, 130101 =>  131201,   3, 000626
21 19:00, 130101 =>  060201,   6, 000182
21 19:15, 040101 =>  210301,   7, 000593
21 19:25, 130101 =>  240301,   5, 000665
21 19:44, 150101 =>  190101,   9, 000591
21 19:50, 130101 =>  060601,   3, 000394
21 19:56, 150101 =>  090301,   3, 000416
21 20:29, 040101 =>  210701,  16, 000455
21 20:40, 150101 =>  021601,   5, 000345
22 02:23, 150101 =>  090401,  71, 000681
22 03:11, 130101 =>  200301,  24, 000325
22 04:52, 150101 =>  100801,  50, 000098
22 05:50, 040101 =>  211301,  29, 000230
22 06:00, 040101 =>  040801,   5, 000839
22 06:17, 130101 =>  160401,   8, 000539
22 06:47, 040101 =>  050701,  15, 000928
22 07:31, 040101 =>  050601,  22, 000091
22 07:55, 130101 =>  130801,  12, 000315
22 08:34, 150101 =>  100401,  19, 000759
22 09:54, 150101 =>  100201,  40, 000197
22 10:23, 040101 =>  050901,  14, 000858
22 11:25, 040101 =>  050701,  31, 000365
22 12:10, 040101 =>  180301,  22, 000081
22 12:50, 150101 =>  090701,  20, 000888
22 13:12, 130101 =>  140101,  11, 000844
22 13:40, 130101 =>  160601,  14, 000893
22 14:00, 150101 =>  101001,  10, 000419
22 14:25, 040101 =>  210101,  12, 000142
22 14:47, 130101 =>  060801,  11, 000289
22 15:05, 040101 =>  050901,   9, 000694
22 15:43, 150101 =>  021701,  19, 000213
22 16:10, 130101 =>  140101,  13, 000215
22 17:00, 150101 =>  020201,  25, 000299
22 17:10, 150101 =>  150501,   5, 000434
22 17:30, 150101 =>  022001,  10, 000173
22 17:54, 150101 =>  020401,  12, 000994
22 18:09, 150101 =>  100701,   7, 000478
22 18:31, 150101 =>  100601,  11, 000433
22 18:41, 150101 =>  020901,   5, 000231
22 19:07, 130101 =>  220901,  13, 000688
22 19:19, 150101 =>  020601,   6, 000510
22 19:33, 150101 =>  150601,   7, 000134
22 19:47, 040101 =>  050201,   7, 000082
22 19:57, 150101 =>  190201,   5, 000715
22 20:05, 150101 =>  110501,   4, 000362
22 20:14, 130101 =>  131101,   4, 000641
22 20:16, 150101 =>  022001,   1, 000816
22 20:24, 040101 =>  081301,   4, 000172
23 01:55, 150101 =>  101101,  57, 000981
23 03:33, 040101 =>  050401,  48, 000630
23 05:37, 150101 =>  150401,  61, 000813
23 07:31, 150101 =>  150301,  56, 000753
23 08:08, 150101 =>  090701,  18, 000943
23 08:16, 150101 =>  100301,   4, 000109
23 08:42, 040101 =>  210201,  13, 000251
23 09:57, 130101 =>  200501,  37, 000683
23 11:06, 040101 =>  250101,  34, 000373
23 11:21, 130101 =>  060401,   7, 000206
23 12:01, 150101 =>  090201,  20, 000773
23 12:24, 150101 =>  020701,  11, 000987
23 12:58, 150101 =>  150901,  17, 000616
23 13:49, 150101 =>  020801,  25, 000651
23 14:20, 150101 =>  151001,  15, 000119
23 14:54, 130101 =>  060901,  17, 000515
23 15:35, 040101 =>  080701,  20, 000031
23 15:59, 150101 =>  020701,  12, 000239
23 16:50, 040101 =>  210701,  25, 000529
23 17:23, 130101 =>  060701,  16, 000039
23 17:39, 040101 =>  050301,   8, 000725
23 18:01, 130101 =>  140201,  11, 000891
23 18:24, 150101 =>  120301,  11, 000199
23 18:38, 150101 =>  020101,   7, 000766
23 18:52, 040101 =>  050801,   7, 000597
23 19:08, 130101 =>  060501,   8, 000437
23 19:19, 040101 =>  250401,   5, 000961
23 19:29, 150101 =>  021301,   5, 000546
23 19:49, 040101 =>  210201,  10, 000966
23 20:03, 040101 =>  050501,   7, 000235
23 20:15, 040101 =>  230101,   6, 000365
23 20:36, 130101 =>  060901,  10, 000988
23 20:44, 150101 =>  110201,   4, 000284
24 00:21, 150101 =>  110201,  11, 000282
24 00:33, 040101 =>  230401,   6, 000189
24 01:08, 150101 =>  120801,  18, 000513
24 02:03, 040101 =>  230401,  28, 000111
24 04:33, 150101 =>  120301,  76, 000770
24 06:13, 150101 =>  022001,  51, 000571
24 06:27, 130101 =>  220401,   7, 000262
24 07:36, 150101 =>  120801,  35, 000228
24 07:44, 130101 =>  060101,   4, 000358
24 08:52, 150101 =>  150401,  35, 000097
24 09:36, 040101 =>  030701,  22, 000695
24 10:37, 130101 =>  060601,  31, 000336
24 11:32, 150101 =>  020301,  28, 000524
24 11:44, 150101 =>  100801,   6, 000336
24 11:57, 150101 =>  120101,   7, 000561
24 13:18, 040101 =>  050901,  41, 000730
24 13:36, 040101 =>  081001,   9, 000219
24 14:21, 150101 =>  110201,  23, 000398
24 14:46, 150101 =>  020601,  13, 000579
24 15:22, 040101 =>  051101,  18, 000331
24 15:45, 040101 =>  050301,  12, 000134
24 16:31, 130101 =>  131001,  23, 000788
24 17:14, 130101 =>  060101,  22, 000318
24 17:38, 150101 =>  090301,  12, 000166
24 17:47, 130101 =>  060901,   5, 000246
24 18:31, 040101 =>  030701,  22, 000335
24 18:39, 150101 =>  110501,   4, 000067
24 19:04, 040101 =>  230101,  13, 000756
24 19:12, 150101 =>  021101,   4, 000627
24 19:20, 150101 =>  020301,   4, 000006
24 19:26, 150101 =>  150701,   3, 000620
24 19:34, 150101 =>  021701,   4, 000057
24 19:40, 040101 =>  180201,   3, 000844
24 19:41, 150101 =>  120501,   1, 000599
24 19:53, 040101 =>  040401,   6, 000943
25 00:18, 130101 =>  060601,   9, 000237
25 00:38, 040101 =>  250301,  10, 000443
25 02:32, 040101 =>  040301,  57, 000065
25 03:26, 040101 =>  040301,  27, 000471
25 04:50, 150101 =>  021901,  42, 000069
25 06:14, 150101 =>  110501,  42, 000733
25 07:20, 150101 =>  100501,  33, 000530
25 07:30, 130101 =>  060401,   5, 000097
25 07:50, 150101 =>  120401,  10, 000158
25 08:04, 150101 =>  100301,   7, 000424
25 08:20, 130101 =>  060901,   8, 000608
25 09:16, 040101 =>  210101,  28, 000382
25 09:52, 130101 =>  130801,  18, 000605
25 10:10, 130101 =>  140101,   9, 000761
25 12:04, 150101 =>  120901,  57, 000973
25 12:50, 150101 =>  090301,  23, 000867
25 13:42, 150101 =>  100601,  26, 000980
25 14:10, 130101 =>  060501,  14, 000112
25 14:40, 040101 =>  051001,  15, 000580
25 15:12, 150101 =>  100101,  16, 000743
25 15:44, 150101 =>  100301,  16, 000821
25 16:24, 150101 =>  020401,  20, 000552
25 16:32, 130101 =>  140201,   4, 000234
25 16:44, 150101 =>  120301,   6, 000258
25 16:58, 040101 =>  080401,   7, 000815
25 17:06, 150101 =>  021001,   4, 000697
25 17:26, 150101 =>  021601,  10, 000397
25 17:38, 150101 =>  021501,   6, 000466
25 18:10, 130101 =>  061101,  16, 000351
25 18:42, 130101 =>  010401,  16, 000088
25 18:50, 040101 =>  210701,   4, 000454
25 19:00, 150101 =>  190301,   5, 000350
25 19:10, 150101 =>  120701,   5, 000355
25 19:16, 150101 =>  100601,   3, 000282
25 19:44, 040101 =>  081301,  14, 000758
25 19:50, 040101 =>  050501,   3, 000773
26 02:02, 150101 =>  022001,  64, 000494
26 03:25, 150101 =>  100901,  43, 000385
26 04:47, 130101 =>  060901,  43, 000212
26 06:17, 150101 =>  021701,  47, 000471
26 06:27, 040101 =>  040401,   5, 000946
26 07:28, 150101 =>  190201,  32, 000076
26 08:27, 150101 =>  120201,  31, 000158
26 09:15, 150101 =>  021201,  25, 000138
26 10:51, 040101 =>  210301,  50, 000880
26 11:33, 150101 =>  101101,  22, 000830
26 12:44, 040101 =>  030201,  37, 000212
26 13:28, 130101 =>  130501,  23, 000608
26 14:18, 040101 =>  080301,  26, 000716
26 14:37, 150101 =>  090301,  10, 000774
26 14:57, 040101 =>  030301,  10, 000544
26 15:12, 150101 =>  100201,   8, 000700
26 15:41, 130101 =>  220501,  15, 000118
26 16:17, 150101 =>  020401,  19, 000323
26 16:44, 130101 =>  220301,  14, 000401
26 17:05, 130101 =>  140101,  11, 000960
26 17:24, 150101 =>  021601,  10, 000406
26 17:34, 150101 =>  100501,   5, 000425
26 17:45, 040101 =>  080701,   6, 000998
26 18:02, 150101 =>  100301,   9, 000507
26 18:16, 150101 =>  100901,   7, 000799
26 18:47, 040101 =>  170101,  16, 000009
26 18:56, 150101 =>  150601,   5, 000968
26 19:23, 040101 =>  081301,  14, 000907
26 19:50, 040101 =>  211001,  14, 000140
26 20:03, 040101 =>  250401,   7, 000843
26 20:15, 040101 =>  230201,   6, 000680
26 20:24, 040101 =>  230201,   5, 000254
26 20:32, 040101 =>  040301,   4, 000067
26 20:40, 150101 =>  150901,   4, 000603
26 20:47, 040101 =>  051101,   4, 000345
26 20:59, 130101 =>  200801,   6, 000279
27 00:41, 040101 =>  040701,  22, 000084
27 01:57, 040101 =>  050701,  40, 000084
27 02:52, 040101 =>  211301,  29, 000244
27 05:04, 150101 =>  120801,  69, 000896
27 05:55, 040101 =>  210501,  27, 000687
27 06:25, 150101 =>  100401,  16, 000607
27 07:30, 130101 =>  200301,  34, 000840
27 08:10, 040101 =>  170201,  21, 000174
27 08:46, 040101 =>  211201,  19, 000962
27 10:53, 150101 =>  110501,  67, 000801
27 11:08, 150101 =>  070101,   8, 000558
27 12:32, 150101 =>  150701,  44, 000757
27 12:59, 130101 =>  220201,  14, 000976
27 13:29, 040101 =>  080501,  16, 000569
27 13:59, 130101 =>  221001,  16, 000795
27 14:13, 040101 =>  211301,   7, 000859
27 14:22, 150101 =>  120101,   5, 000686
27 14:39, 040101 =>  050501,   9, 000580
27 15:31, 150101 =>  110201,  27, 000350
27 16:26, 150101 =>  120701,  29, 000659
27 16:43, 150101 =>  070101,   9, 000807
27 16:50, 040101 =>  030101,   4, 000339
27 17:23, 150101 =>  120801,  17, 000380
27 17:53, 150101 =>  120601,  16, 000277
27 18:14, 150101 =>  120601,  11, 000313
27 18:33, 150101 =>  070101,  10, 000068
27 18:44, 040101 =>  250301,   6, 000877
27 18:56, 150101 =>  100501,   6, 000251
27 19:15, 130101 =>  060601,  10, 000090
27 19:22, 150101 =>  090501,   4, 000079
27 19:28, 040101 =>  050101,   3, 000944
27 19:36, 040101 =>  210601,   4, 000353
27 19:45, 150101 =>  150701,   5, 000993
27 20:21, 130101 =>  060201,  19, 000370
28 00:41, 040101 =>  030701,  22, 000245
28 00:48, 150101 =>  090101,   4, 000128
28 02:25, 150101 =>  150301,  51, 000181
28 03:57, 150101 =>  090301,  49, 000062
28 04:14, 040101 =>  230201,   9, 000018
28 04:38, 150101 =>  190301,  13, 000852
28 06:20, 150101 =>  150301,  54, 000100
28 07:52, 150101 =>  021101,  49, 000891
28 08:00, 150101 =>  021401,   4, 000136
28 08:39, 150101 =>  190101,  21, 000627
28 09:02, 130101 =>  200601,  12, 000106
28 10:04, 040101 =>  040501,  33, 000655
28 10:36, 130101 =>  200201,  17, 000472
28 11:19, 040101 =>  080401,  23, 000847
28 12:20, 040101 =>  030101,  32, 000769
28 12:33, 130101 =>  160801,   7, 000517
28 13:31, 130101 =>  240301,  31, 000577
28 14:01, 040101 =>  080501,  16, 000015
28 14:43, 150101 =>  020301,  22, 000801
28 15:05, 150101 =>  120201,  12, 000206
28 15:30, 150101 =>  021201,  13, 000588
28 15:47, 040101 =>  030601,   9, 000486
28 16:00, 040101 =>  211201,   7, 000786
28 16:36, 150101 =>  090601,  19, 000415
28 17:00, 150101 =>  110401,  13, 000820
28 17:13, 150101 =>  090701,   7, 000035
28 17:34, 040101 =>  250301,  11, 000936
28 17:47, 040101 =>  210301,   7, 000801
28 18:01, 040101 =>  050301,   7, 000279
28 18:23, 040101 =>  210301,  12, 000213
28 19:05, 130101 =>  160401,  22, 000709
28 19:14, 130101 =>  060101,   5, 000433
28 19:23, 040101 =>  040801,   5, 000259
28 19:50, 130101 =>  130701,  14, 000786
28 19:55, 040101 =>  050901,   3, 000087
28 20:01, 150101 =>  090701,   3, 000343
28 20:16, 150101 =>  120301,   8, 000951
28 20:26, 040101 =>  080101,   5, 000333
28 20:33, 150101 =>  150301,   4, 000111
28 20:41, 150101 =>  190201,   4, 000066
28 20:43, 150101 =>  150301,   1, 000809
28 20:59, 130101 =>  220201,   9, 000074
29 01:51, 150101 =>  150501,  60, 000208
29 02:40, 150101 =>  021501,  27, 000948
29 03:25, 130101 =>  130501,  24, 000018
29 03:38, 150101 =>  100501,   7, 000775
29 04:19, 130101 =>  130801,  22, 000389
29 05:18, 150101 =>  021301,  32, 000666
29 07:22, 150101 =>  110201,  67, 000750
29 09:07, 040101 =>  080801,  57, 000817
29 10:29, 040101 =>  050201,  44, 000902
29 10:47, 040101 =>  250201,  10, 000314
29 11:20, 130101 =>  160201,  18, 000910
29 11:33, 150101 =>  150301,   7, 000049
29 11:46, 150101 =>  110101,   7, 000734
29 12:01, 040101 =>  230101,   8, 000798
29 13:28, 150101 =>  020901,  47, 000534
29 13:46, 130101 =>  130701,  10, 000349
29 14:12, 130101 =>  220501,  14, 000365
29 14:25, 040101 =>  081101,   7, 000623
29 14:33, 130101 =>  220701,   4, 000033
29 15:12, 150101 =>  190101,  21, 000359
29 15:17, 040101 =>  050401,   3, 000267
29 15:30, 150101 =>  020501,   7, 000027
29 15:39, 040101 =>  050901,   5, 000046
29 16:22, 150101 =>  020401,  23, 000600
29 17:03, 040101 =>  030501,  22, 000092
29 17:23, 150101 =>  020901,  11, 000116
29 17:49, 040101 =>  250301,  14, 000973
29 18:00, 150101 =>  100701,   6, 000083
29 18:18, 130101 =>  240201,  10, 000170
29 18:37, 130101 =>  060901,  10, 000067
29 18:42, 040101 =>  080301,   3, 000619
29 19:05, 040101 =>  211301,  12, 000230
29 19:16, 040101 =>  040501,   6, 000664
29 19:34, 150101 =>  020601,  10, 000869
29 19:49, 130101 =>  220101,   8, 000954
29 19:58, 040101 =>  211101,   5, 000118
29 20:06, 150101 =>  100801,   4, 000504
29 20:22, 130101 =>  131101,   9, 000122
29 20:28, 040101 =>  250101,   3, 000541
29 20:43, 150101 =>  020301,   8, 000150
29 20:50, 150101 =>  020701,   4, 000607
29 20:59, 040101 =>  080901,   5, 000449
29 21:09, 150101 =>  020901,   5, 000463
29 21:16, 040101 =>  211301,   4, 000570
29 21:22, 150101 =>  021401,   3, 000385
29 21:29, 130101 =>  010301,   4, 000511
29 21:35, 130101 =>  060301,   3, 000771
29 21:42, 130101 =>  200501,   4, 000065
29 21:44, 130101 =>  160301,   1, 000953
30 00:35, 040101 =>  030501,  19, 000743
30 01:50, 040101 =>  081001,  40, 000527
30 02:05, 040101 =>  050301,   8, 000494
30 03:21, 040101 =>  080501,  41, 000792
30 04:28, 150101 =>  150801,  36, 000706
30 06:45, 150101 =>  150801,  73, 000125
30 07:57, 130101 =>  060301,  39, 000342
30 08:03, 130101 =>  220201,   3, 000219
30 08:48, 040101 =>  230301,  24, 000350
30 09:27, 130101 =>  060401,  21, 000950
30 09:42, 150101 =>  150801,   8, 000796
30 09:59, 040101 =>  180201,   9, 000525
30 10:27, 150101 =>  100201,  15, 000678
30 10:55, 040101 =>  210101,  15, 000070
30 11:23, 130101 =>  061001,  15, 000167
30 11:56, 040101 =>  050501,  18, 000352
30 14:00, 150101 =>  020901,  66, 000670
30 15:20, 150101 =>  020401,  43, 000893
30 15:31, 040101 =>  051101,   6, 000026
30 16:18, 150101 =>  151001,  25, 000309
30 16:59, 150101 =>  020501,  22, 000165
30 17:12, 040101 =>  050301,   7, 000015
30 17:19, 150101 =>  150201,   4, 000427
30 17:34, 040101 =>  170301,   8, 000543
30 17:51, 130101 =>  061301,   9, 000297
30 18:25, 150101 =>  090301,  18, 000899
30 18:34, 040101 =>  230201,   5, 000044
30 18:41, 150101 =>  021301,   4, 000199
30 18:47, 040101 =>  040201,   3, 000506
30 18:53, 040101 =>  250401,   3, 000008
30 19:17, 150101 =>  020201,  13, 000292
30 19:24, 040101 =>  030501,   4, 000773
31 00:07, 150101 =>  150901,   4, 000329
31 01:55, 040101 =>  210601,  59, 000380
31 02:45, 130101 =>  220501,  27, 000800
31 03:58, 150101 =>  100801,  40, 000194
31 04:46, 150101 =>  021901,  26, 000725
31 05:37, 130101 =>  200101,  28, 000772
31 06:47, 040101 =>  080301,  38, 000668
31 07:40, 040101 =>  210501,  29, 000738
31 10:12, 150101 =>  150401,  83, 000427
31 10:30, 040101 =>  040501,  10, 000895
31 10:41, 150101 =>  150701,   6, 000544
31 11:25, 040101 =>  250301,  24, 000645
31 12:51, 150101 =>  110301,  47, 000291
31 13:04, 150101 =>  020401,   7, 000391
31 14:03, 150101 =>  020101,  32, 000626
31 14:30, 040101 =>  230101,  15, 000805
31 14:38, 040101 =>  080401,   4, 000096
31 14:52, 040101 =>  170301,   8, 000091
31 15:36, 150101 =>  020201,  24, 000495
31 15:55, 040101 =>  211301,  10, 000548
31 16:00, 040101 =>  210801,   3, 000069
31 16:52, 150101 =>  110401,  28, 000498
31 17:06, 150101 =>  150501,   8, 000924
31 17:14, 150101 =>  150801,   4, 000006
31 17:30, 130101 =>  130901,   9, 000515
31 17:48, 150101 =>  151001,  10, 000669
31 18:10, 150101 =>  021701,  12, 000979
31 18:16, 040101 =>  180101,   3, 000848
31 18:36, 130101 =>  130401,  11, 000828
31 19:16, 130101 =>  010501,  22, 000464
31 19:27, 150101 =>  090401,   6, 000568
31 19:44, 130101 =>  060201,   9, 000271
31 20:06, 130101 =>  200401,  12, 000738
31 20:21, 150101 =>  150301,   8, 000452
31 20:28, 150101 =>  020101,   4, 000261
31 20:37, 150101 =>  020501,   5, 000907
31 20:44, 150101 =>  110101,   4, 000699
31 20:54, 040101 =>  180201,   5, 000178
31 20:59, 040101 =>  050901,   3, 000590
31 21:16, 130101 =>  061001,   9, 000339
31 21:21, 040101 =>  080601,   3, 000312
