01 00:15, 150101 =>  021601,  36, 000302
01 00:24, 150101 =>  120401,  20, 000559
01 00:49, 130101 =>  060701,  58, 000229
01 01:17, 150101 =>  020501,  65, 000899
01 01:22, 150101 =>  150901,  11, 000926
01 01:36, 150101 =>  100401,  32, 000148
01 02:10, 150101 =>  100201,  80, 000894
01 02:12, 040101 =>  050901,   3, 000691
01 02:27, 130101 =>  061101,  35, 000825
01 03:03, 150101 =>  021001,  84, 000261
01 03:22, 150101 =>  120501,  44, 000048
01 03:56, 040101 =>  040701,  77, 000147
01 04:18, 150101 =>  020601,  51, 000839
01 04:45, 150101 =>  021501,  63, 000537
01 04:53, 150101 =>  020701,  18, 000574
01 05:31, 150101 =>  190101,  88, 000785
01 05:56, 150101 =>  110201,  57, 000723
01 06:26, 130101 =>  200601,  71, 000187
01 06:58, 150101 =>  090101,  72, 000193
01 07:24, 040101 =>  170101,  60, 000969
01 07:56, 130101 =>  060101,  74, 000796
01 08:27, 040101 =>  050901,  71, 000192
01 08:58, 150101 =>  101001,  72, 000983
01 09:38, 150101 =>  120201,  94, 000748
01 10:16, 150101 =>  090401,  87, 000622
01 10:27, 150101 =>  100601,  25, 000252
01 10:41, 040101 =>  210301,  32, 000735
01 10:53, 040101 =>  180101,  28, 000410
01 11:01, 150101 =>  110301,  18, 000054
01 11:18, 130101 =>  010101,  40, 000499
01 11:41, 040101 =>  180201,  52, 000544
01 12:04, 040101 =>  080501,  55, 000277
01 12:08, 150101 =>  020401,   8, 000857
01 12:41, 130101 =>  131001,  77, 000720
01 12:44, 150101 =>  110201,   7, 000557
01 12:59, 150101 =>  120601,  33, 000745
01 13:17, 150101 =>  020801,  43, 000596
01 13:32, 150101 =>  150701,  34, 000057
01 14:02, 130101 =>  130401,  69, 000222
01 14:15, 150101 =>  110301,  30, 000587
01 14:54, 150101 =>  150301,  91, 000678
01 15:04, 040101 =>  081101,  22, 000383
01 15:26, 130101 =>  130601,  51, 000814
01 15:36, 150101 =>  151001,  22, 000185
01 15:37, 150101 =>  120501,   3, 000080
01 15:58, 150101 =>  100501,  49, 000353
01 16:11, 150101 =>  110501,  31, 000902
01 16:26, 150101 =>  020701,  34, 000681
01 16:32, 150101 =>  100301,  14, 000380
01 16:41, 150101 =>  100701,  20, 000736
01 16:43, 150101 =>  020701,   4, 000418
01 16:46, 040101 =>  170301,   7, 000110
01 17:03, 040101 =>  050901,  40, 000474
01 17:24, 040101 =>  080401,  49, 000466
01 17:29, 150101 =>  120401,  12, 000804
01 17:33, 150101 =>  021901,   8, 000499
01 17:35, 150101 =>  020501,   4, 000796
01 17:36, 150101 =>  021601,   3, 000497
01 17:42, 040101 =>  250401,  14, 000096
01 18:03, 040101 =>  170301,  49, 000421
01 18:05, 150101 =>  090701,   4, 000934
01 18:20, 040101 =>  030601,  35, 000667
01 18:21, 040101 =>  250301,   3, 000505
01 18:36, 040101 =>  080301,  34, 000358
01 18:38, 150101 =>  021801,   4, 000004
01 18:51, 040101 =>  211201,  29, 000691
01 18:52, 150101 =>  120601,   4, 000355
01 18:53, 150101 =>  101101,   1, 000181
01 19:01, 130101 =>  130301,  19, 000470
01 19:04, 130101 =>  160401,   8, 000112
01 19:11, 130101 =>  130501,  15, 000844
02 00:18, 040101 =>  230301,  43, 000040
02 01:01, 150101 =>  020701,  98, 000322
02 01:39, 150101 =>  150401,  88, 000957
02 01:52, 130101 =>  060801,  31, 000563
02 02:00, 040101 =>  030701,  18, 000066
02 02:29, 040101 =>  170201,  66, 000232
02 03:08, 150101 =>  150501,  90, 000495
02 03:48, 150101 =>  070101,  93, 000225
02 04:07, 040101 =>  050901,  45, 000853
02 04:16, 040101 =>  050401,  21, 000932
02 04:30, 130101 =>  060801,  31, 000480
02 04:42, 040101 =>  050701,  28, 000845
02 05:11, 150101 =>  021101,  66, 000909
02 05:45, 130101 =>  010601,  79, 000330
02 05:49, 150101 =>  021901,  10, 000237
02 06:20, 150101 =>  120901,  70, 000102
02 06:52, 150101 =>  150201,  76, 000639
02 07:15, 130101 =>  160101,  51, 000744
02 07:20, 150101 =>  110501,  13, 000980
02 07:24, 150101 =>  100701,   9, 000376
02 07:58, 150101 =>  110101,  79, 000542
02 08:07, 040101 =>  210101,  19, 000794
02 08:44, 040101 =>  040601,  86, 000140
02 09:11, 040101 =>  050101,  63, 000952
02 09:27, 130101 =>  160201,  37, 000647
02 09:52, 150101 =>  100601,  58, 000305
02 10:20, 150101 =>  110301,  65, 000653
02 10:56, 150101 =>  150401,  83, 000583
02 11:29, 150101 =>  090501,  74, 000076
02 11:59, 130101 =>  160501,  71, 000124
02 12:21, 040101 =>  050701,  51, 000862
02 12:24, 150101 =>  101001,   7, 000435
02 12:34, 150101 =>  021301,  21, 000993
02 13:04, 040101 =>  210401,  70, 000236
02 13:07, 150101 =>  150701,   8, 000267
02 13:29, 150101 =>  090401,  51, 000073
02 13:39, 130101 =>  160201,  23, 000307
02 14:16, 150101 =>  090501,  84, 000969
02 14:22, 150101 =>  110101,  15, 000755
02 14:30, 040101 =>  211201,  17, 000234
02 14:36, 040101 =>  250101,  14, 000086
02 14:43, 150101 =>  120801,  17, 000287
02 14:49, 150101 =>  021701,  13, 000740
02 15:04, 040101 =>  050601,  36, 000638
02 15:26, 150101 =>  150201,  49, 000579
02 15:37, 150101 =>  020901,  26, 000141
02 15:39, 040101 =>  211201,   6, 000742
02 16:11, 130101 =>  200701,  72, 000685
02 16:23, 040101 =>  080501,  29, 000427
02 16:41, 040101 =>  230101,  40, 000770
02 17:03, 130101 =>  220301,  53, 000144
02 17:30, 150101 =>  090201,  62, 000683
02 17:58, 040101 =>  081001,  63, 000737
02 18:05, 150101 =>  100901,  16, 000968
02 18:10, 040101 =>  210901,  12, 000553
02 18:27, 150101 =>  100701,  39, 000478
02 18:28, 040101 =>  080601,   3, 000383
02 18:30, 150101 =>  120901,   4, 000869
02 18:51, 040101 =>  170301,  49, 000907
02 18:58, 040101 =>  230301,  16, 000527
02 19:12, 150101 =>  120301,  33, 000624
02 19:18, 150101 =>  020601,  13, 000888
02 19:21, 150101 =>  090601,   7, 000346
02 19:23, 150101 =>  020201,   4, 000929
02 19:33, 040101 =>  180301,  24, 000351
02 19:37, 150101 =>  150801,   9, 000243
02 19:38, 130101 =>  061101,   3, 000357
02 19:40, 150101 =>  150601,   5, 000145
02 19:43, 150101 =>  190301,   5, 000851
02 19:46, 150101 =>  090101,   7, 000268
02 19:47, 150101 =>  120901,   4, 000208
02 19:57, 040101 =>  050601,  23, 000073
02 20:00, 150101 =>  120201,   7, 000762
02 20:09, 130101 =>  060601,  19, 000071
02 20:11, 150101 =>  150401,   6, 000101
02 20:13, 150101 =>  120601,   4, 000010
02 20:18, 040101 =>  170301,  13, 000407
02 20:22, 040101 =>  030201,   7, 000762
03 00:22, 040101 =>  250401,  52, 000985
03 00:23, 040101 =>  230201,   2, 000683
03 00:40, 130101 =>  010101,  40, 000828
03 00:43, 150101 =>  021301,   6, 000631
03 01:21, 150101 =>  150801,  87, 000007
03 01:27, 150101 =>  190201,  14, 000418
03 01:42, 130101 =>  220901,  35, 000322
03 02:20, 150101 =>  020601,  88, 000867
03 02:26, 150101 =>  021201,  14, 000255
03 02:44, 040101 =>  080601,  41, 000838
03 02:56, 150101 =>  100201,  28, 000406
03 03:18, 150101 =>  021701,  50, 000452
03 03:34, 040101 =>  211001,  38, 000647
03 03:53, 130101 =>  130901,  44, 000887
03 04:15, 150101 =>  110101,  50, 000265
03 04:20, 150101 =>  090601,  12, 000269
03 04:34, 150101 =>  120701,  33, 000209
03 04:43, 040101 =>  081301,  21, 000157
03 05:23, 150101 =>  021901,  91, 000749
03 06:03, 130101 =>  200101,  92, 000316
03 06:04, 040101 =>  230301,   4, 000081
03 06:31, 040101 =>  210501,  62, 000121
03 07:14, 040101 =>  030401,  99, 000880
03 07:43, 150101 =>  020501,  67, 000177
03 08:12, 130101 =>  160501,  66, 000968
03 08:20, 040101 =>  080101,  20, 000732
03 08:30, 130101 =>  130801,  23, 000582
03 08:55, 130101 =>  060601,  57, 000242
03 08:59, 040101 =>  250201,  10, 000164
03 09:03, 040101 =>  210601,   8, 000377
03 09:28, 150101 =>  120101,  57, 000822
03 10:01, 040101 =>  230101,  78, 000418
03 10:43, 040101 =>  050801,  97, 000489
03 10:50, 130101 =>  140201,  14, 000781
03 10:52, 130101 =>  131001,   6, 000490
03 11:09, 150101 =>  021601,  39, 000650
03 11:39, 150101 =>  120901,  70, 000533
03 12:08, 040101 =>  040501,  66, 000448
03 12:31, 040101 =>  050401,  54, 000811
03 13:04, 150101 =>  090201,  75, 000234
03 13:40, 150101 =>  021301,  84, 000934
03 14:11, 150101 =>  021301,  70, 000166
03 14:27, 150101 =>  150301,  37, 000166
03 14:49, 040101 =>  230401,  51, 000174
03 14:55, 040101 =>  050501,  15, 000573
03 14:58, 130101 =>  010701,   6, 000785
03 15:25, 130101 =>  061301,  63, 000434
03 15:35, 040101 =>  210201,  23, 000370
03 15:44, 150101 =>  110101,  20, 000114
03 15:58, 040101 =>  210101,  34, 000531
03 16:00, 040101 =>  040601,   4, 000947
03 16:31, 150101 =>  021301,  72, 000268
03 16:37, 040101 =>  050201,  13, 000831
03 17:07, 150101 =>  020701,  68, 000895
03 17:09, 040101 =>  040301,   5, 000048
03 17:23, 130101 =>  060101,  33, 000410
03 17:26, 150101 =>  020101,   6, 000552
03 17:36, 130101 =>  060101,  23, 000624
03 17:39, 040101 =>  210901,   8, 000667
03 17:40, 040101 =>  040501,   3, 000697
03 18:11, 150101 =>  090401,  71, 000287
03 18:21, 150101 =>  090501,  22, 000514
03 18:26, 150101 =>  190101,  13, 000126
03 18:58, 150101 =>  101101,  73, 000585
03 19:01, 150101 =>  120201,   7, 000762
03 19:06, 150101 =>  120701,  11, 000623
03 19:08, 040101 =>  050901,   6, 000139
03 19:20, 150101 =>  021201,  28, 000102
03 19:25, 150101 =>  020401,  10, 000287
03 19:35, 150101 =>  022001,  23, 000327
03 19:40, 130101 =>  061101,  13, 000047
03 19:52, 150101 =>  110101,  28, 000430
03 19:56, 130101 =>  010601,   7, 000077
03 20:00, 150101 =>  090601,  11, 000064
03 20:05, 040101 =>  170101,  11, 000550
03 20:09, 150101 =>  020601,  10, 000877
03 20:11, 150101 =>  150901,   4, 000010
03 20:14, 150101 =>  110101,   7, 000888
03 20:17, 150101 =>  101001,   7, 000451
03 20:21, 150101 =>  151001,   9, 000852
03 20:23, 150101 =>  020601,   4, 000064
03 20:25, 150101 =>  020301,   4, 000755
03 20:26, 150101 =>  150301,   4, 000388
03 20:27, 150101 =>  020501,   1, 000408
03 20:28, 130101 =>  130301,   4, 000169
03 20:37, 130101 =>  010601,  19, 000580
04 00:08, 150101 =>  110401,  20, 000300
04 00:33, 130101 =>  010501,  58, 000037
04 00:45, 130101 =>  010501,  26, 000855
04 01:23, 150101 =>  100801,  89, 000900
04 01:24, 040101 =>  051001,   2, 000072
04 01:38, 150101 =>  100201,  33, 000824
04 02:09, 040101 =>  080901,  71, 000729
04 02:17, 130101 =>  061301,  18, 000131
04 02:34, 150101 =>  120101,  40, 000595
04 02:56, 150101 =>  150201,  50, 000169
04 03:07, 040101 =>  050501,  26, 000057
04 03:45, 150101 =>  090101,  87, 000777
04 04:03, 130101 =>  160101,  41, 000301
04 04:17, 040101 =>  250401,  34, 000220
04 04:40, 040101 =>  040301,  52, 000324
04 04:46, 130101 =>  160501,  14, 000012
04 04:55, 150101 =>  151001,  20, 000745
04 04:57, 130101 =>  140201,   5, 000440
04 05:30, 130101 =>  140301,  76, 000085
04 06:00, 150101 =>  151001,  70, 000355
04 06:03, 150101 =>  120701,   7, 000872
04 06:37, 150101 =>  101101,  78, 000841
04 06:40, 130101 =>  220601,   7, 000503
04 07:14, 130101 =>  221001,  79, 000375
04 07:17, 150101 =>  100101,   7, 000012
04 07:59, 150101 =>  100401,  96, 000540
04 08:08, 150101 =>  020901,  22, 000835
04 08:33, 130101 =>  061001,  58, 000889
04 08:52, 130101 =>  061201,  42, 000298
04 09:17, 150101 =>  150501,  59, 000995
04 09:34, 150101 =>  020501,  38, 000717
04 10:11, 150101 =>  090301,  85, 000337
04 10:14, 130101 =>  131101,   7, 000600
04 10:19, 130101 =>  240301,  13, 000414
04 10:20, 040101 =>  230201,   1, 000516
04 10:21, 150101 =>  020401,   4, 000730
04 10:35, 150101 =>  150801,  32, 000684
04 10:50, 150101 =>  120501,  33, 000740
04 10:56, 130101 =>  160401,  16, 000317
04 11:03, 150101 =>  100201,  14, 000048
04 11:07, 150101 =>  020701,  11, 000245
04 11:19, 040101 =>  180101,  27, 000361
04 12:01, 040101 =>  080101,  96, 000734
04 12:11, 130101 =>  010701,  25, 000400
04 12:30, 040101 =>  211101,  42, 000029
04 13:05, 150101 =>  100301,  81, 000253
04 13:18, 130101 =>  060201,  31, 000626
04 13:24, 130101 =>  010601,  13, 000983
04 14:02, 150101 =>  020301,  89, 000507
04 14:34, 040101 =>  170101,  72, 000647
04 14:50, 040101 =>  210801,  38, 000232
04 14:54, 150101 =>  150401,   9, 000834
04 14:57, 150101 =>  150501,   7, 000381
04 14:59, 150101 =>  020701,   4, 000978
04 15:00, 130101 =>  061301,   4, 000858
04 15:07, 150101 =>  100201,  16, 000609
04 15:11, 130101 =>  200101,   8, 000476
04 15:14, 150101 =>  020501,   8, 000991
04 15:16, 130101 =>  200201,   4, 000844
04 15:29, 150101 =>  120201,  30, 000187
04 16:05, 150101 =>  120901,  84, 000082
04 16:15, 040101 =>  030101,  23, 000353
04 16:45, 040101 =>  210601,  69, 000502
04 16:53, 150101 =>  020901,  17, 000124
04 17:07, 040101 =>  080301,  32, 000437
04 17:08, 130101 =>  060301,   4, 000246
04 17:13, 040101 =>  081001,  12, 000168
04 17:16, 130101 =>  200201,   7, 000030
04 17:28, 150101 =>  021801,  26, 000361
04 17:45, 040101 =>  250201,  40, 000699
04 17:53, 150101 =>  150301,  19, 000624
04 18:05, 040101 =>  030501,  28, 000535
04 18:10, 040101 =>  211101,  10, 000325
04 18:16, 150101 =>  150401,  15, 000439
04 18:29, 150101 =>  020101,  29, 000848
04 18:37, 150101 =>  100101,  19, 000561
04 18:38, 130101 =>  010601,   3, 000156
04 18:42, 130101 =>  220701,   8, 000651
04 19:01, 040101 =>  211101,  45, 000581
04 19:04, 130101 =>  220401,   7, 000563
04 19:16, 040101 =>  040401,  26, 000008
04 19:21, 150101 =>  020601,  12, 000041
04 19:24, 130101 =>  220801,   8, 000256
04 19:26, 130101 =>  140101,   3, 000976
04 19:32, 150101 =>  150301,  15, 000332
04 19:34, 130101 =>  221001,   4, 000841
04 19:50, 040101 =>  051101,  37, 000848
04 20:04, 150101 =>  100101,  32, 000669
04 20:19, 040101 =>  210201,  35, 000681
04 20:23, 150101 =>  021501,   9, 000640
04 20:32, 150101 =>  101101,  21, 000664
04 20:33, 150101 =>  090101,   3, 000061
04 20:38, 040101 =>  211101,  12, 000061
04 20:47, 040101 =>  211301,  19, 000412
04 20:48, 130101 =>  220801,   4, 000995
04 20:53, 150101 =>  110501,  11, 000629
04 20:54, 130101 =>  060601,   3, 000471
04 21:01, 040101 =>  080501,  15, 000035
05 00:18, 150101 =>  022001,  43, 000200
05 00:43, 150101 =>  022001,  58, 000238
05 00:47, 040101 =>  051101,   9, 000285
05 00:48, 040101 =>  050601,   2, 000936
05 01:03, 150101 =>  020301,  34, 000816
05 01:10, 150101 =>  020701,  16, 000654
05 01:33, 150101 =>  090301,  54, 000473
05 02:10, 040101 =>  050101,  84, 000788
05 02:29, 130101 =>  010301,  46, 000716
05 02:37, 130101 =>  060401,  17, 000058
05 02:58, 150101 =>  120401,  48, 000174
05 03:32, 150101 =>  100401,  79, 000068
05 03:44, 150101 =>  021201,  28, 000876
05 04:11, 130101 =>  130701,  62, 000199
05 04:29, 150101 =>  021201,  41, 000669
05 04:33, 150101 =>  021901,  11, 000833
05 04:35, 150101 =>  100601,   3, 000422
05 04:39, 150101 =>  021701,  10, 000156
05 04:59, 150101 =>  150201,  45, 000110
05 05:36, 150101 =>  100501,  86, 000844
05 06:13, 040101 =>  050301,  85, 000689
05 06:28, 150101 =>  020801,  35, 000836
05 07:06, 150101 =>  090301,  89, 000937
05 07:39, 150101 =>  120201,  76, 000669
05 07:50, 150101 =>  021001,  25, 000930
05 08:09, 130101 =>  010401,  43, 000141
05 08:40, 040101 =>  040601,  72, 000581
05 08:46, 150101 =>  100901,  14, 000654
05 09:03, 150101 =>  151001,  39, 000688
05 09:09, 040101 =>  030701,  14, 000779
05 09:19, 130101 =>  010101,  24, 000836
05 09:59, 150101 =>  120701,  92, 000859
05 10:23, 150101 =>  120101,  55, 000491
05 10:30, 150101 =>  190201,  17, 000102
05 10:38, 130101 =>  060601,  17, 000914
05 11:09, 130101 =>  061301,  73, 000608
05 11:23, 130101 =>  060701,  32, 000428
05 11:52, 040101 =>  081101,  67, 000041
05 12:35, 150101 =>  150801,  98, 000786
05 13:05, 040101 =>  030701,  70, 000216
05 13:32, 040101 =>  050101,  63, 000415
05 14:12, 040101 =>  210601,  91, 000728
05 14:17, 040101 =>  211201,  12, 000600
05 14:39, 130101 =>  220101,  51, 000068
05 14:53, 150101 =>  020901,  31, 000363
05 14:55, 150101 =>  100201,   5, 000324
05 15:26, 130101 =>  140101,  72, 000304
05 16:05, 040101 =>  180101,  91, 000547
05 16:26, 040101 =>  080701,  48, 000236
05 17:00, 150101 =>  020301,  79, 000191
05 17:35, 150101 =>  120601,  79, 000482
05 17:59, 150101 =>  090401,  57, 000936
05 18:06, 150101 =>  120801,  16, 000682
05 18:08, 150101 =>  100401,   5, 000060
05 18:18, 130101 =>  131001,  22, 000875
05 18:20, 150101 =>  021401,   4, 000546
05 18:23, 150101 =>  100801,   8, 000104
05 18:38, 150101 =>  070101,  35, 000761
05 18:48, 130101 =>  061101,  22, 000084
05 18:59, 150101 =>  150801,  26, 000308
05 19:07, 150101 =>  090301,  17, 000716
05 19:30, 040101 =>  030601,  55, 000788
05 19:49, 040101 =>  050101,  42, 000917
05 20:00, 040101 =>  030401,  26, 000334
05 20:04, 150101 =>  110501,  10, 000655
05 20:06, 150101 =>  021701,   4, 000443
05 20:14, 040101 =>  210901,  18, 000118
05 20:22, 130101 =>  061201,  18, 000830
05 20:35, 130101 =>  200501,  30, 000389
05 20:38, 150101 =>  100301,   7, 000781
05 20:41, 150101 =>  151001,   7, 000682
05 20:43, 150101 =>  120301,   6, 000421
05 20:45, 150101 =>  090301,   4, 000645
06 00:03, 040101 =>  050401,   7, 000284
06 00:35, 130101 =>  060701,  75, 000011
06 00:53, 150101 =>  120101,  42, 000769
06 01:23, 040101 =>  050301,  69, 000493
06 01:26, 130101 =>  220701,   7, 000931
06 01:40, 130101 =>  010101,  32, 000829
06 01:57, 150101 =>  021501,  39, 000088
06 02:24, 150101 =>  020601,  62, 000885
06 03:07, 130101 =>  200101, 100, 000699
06 03:17, 040101 =>  040601,  22, 000160
06 03:37, 150101 =>  150401,  46, 000908
06 03:48, 150101 =>  021001,  27, 000860
06 04:24, 130101 =>  130801,  82, 000446
06 05:06, 040101 =>  040401,  98, 000788
06 05:32, 150101 =>  090701,  60, 000314
06 06:16, 150101 =>  090701, 100, 000046
06 06:43, 130101 =>  010401,  63, 000171
06 06:47, 150101 =>  120601,   9, 000615
06 07:09, 040101 =>  050301,  52, 000141
06 07:17, 150101 =>  021401,  17, 000443
06 07:35, 130101 =>  060801,  41, 000914
06 08:02, 040101 =>  180301,  63, 000484
06 08:04, 040101 =>  211101,   5, 000142
06 08:08, 150101 =>  110301,   9, 000672
06 08:31, 150101 =>  150601,  53, 000886
06 08:45, 150101 =>  090101,  33, 000446
06 08:49, 040101 =>  080301,   9, 000924
06 09:06, 040101 =>  040201,  40, 000589
06 09:18, 150101 =>  101101,  27, 000119
06 09:34, 150101 =>  100701,  37, 000158
06 10:02, 150101 =>  101001,  64, 000678
06 10:13, 150101 =>  090101,  25, 000562
06 10:26, 040101 =>  050701,  31, 000691
06 10:51, 150101 =>  190301,  57, 000038
06 11:12, 130101 =>  010201,  49, 000911
06 11:55, 150101 =>  090601, 100, 000223
06 12:37, 150101 =>  021001,  95, 000458
06 12:47, 130101 =>  160501,  24, 000426
06 13:21, 040101 =>  080401,  78, 000351
06 13:29, 040101 =>  210901,  18, 000533
06 13:41, 150101 =>  100201,  29, 000197
06 13:58, 040101 =>  081001,  39, 000669
06 14:26, 040101 =>  050101,  64, 000789
06 15:02, 040101 =>  250301,  83, 000193
06 15:25, 150101 =>  020901,  53, 000277
06 15:51, 040101 =>  051001,  61, 000432
06 16:02, 130101 =>  010601,  25, 000866
06 16:13, 040101 =>  050301,  25, 000877
06 16:51, 150101 =>  100901,  88, 000560
06 17:13, 150101 =>  101001,  52, 000554
06 17:23, 130101 =>  220901,  22, 000672
06 17:34, 150101 =>  120401,  25, 000383
06 17:44, 150101 =>  120401,  23, 000440
06 17:46, 130101 =>  200101,   6, 000959
06 18:14, 150101 =>  021501,  64, 000096
06 18:17, 130101 =>  061301,   7, 000882
06 18:32, 150101 =>  021601,  35, 000305
06 18:43, 150101 =>  021401,  25, 000092
06 18:51, 130101 =>  200401,  18, 000614
06 19:10, 150101 =>  101001,  43, 000190
06 19:21, 150101 =>  100101,  27, 000783
06 19:38, 040101 =>  080401,  38, 000594
06 19:40, 150101 =>  150201,   5, 000220
06 19:43, 040101 =>  180201,   8, 000214
06 19:50, 040101 =>  211101,  15, 000455
06 20:05, 150101 =>  020301,  35, 000340
06 20:11, 150101 =>  100501,  14, 000094
06 20:15, 150101 =>  020701,  10, 000764
06 20:18, 150101 =>  190201,   5, 000324
06 20:22, 040101 =>  030401,  11, 000144
06 20:29, 150101 =>  120201,  16, 000364
06 20:31, 130101 =>  060101,   4, 000036
06 20:38, 150101 =>  090301,  16, 000627
06 20:43, 150101 =>  150501,  12, 000755
06 20:47, 150101 =>  021801,   8, 000279
06 20:49, 130101 =>  010701,   6, 000460
06 20:52, 150101 =>  150401,   6, 000450
06 20:55, 130101 =>  130901,   8, 000733
06 20:57, 040101 =>  080301,   4, 000387
06 20:58, 150101 =>  150201,   3, 000063
06 21:03, 040101 =>  180301,  10, 000280
06 21:04, 150101 =>  090101,   3, 000657
06 21:09, 040101 =>  210501,  11, 000079
07 00:41, 150101 =>  101001,  96, 000486
07 01:05, 150101 =>  090401,  54, 000947
07 01:23, 150101 =>  101001,  42, 000334
07 01:33, 150101 =>  021801,  23, 000895
07 01:54, 130101 =>  200701,  49, 000936
07 02:04, 150101 =>  110201,  23, 000859
07 02:37, 040101 =>  040201,  76, 000323
07 02:59, 040101 =>  210501,  52, 000856
07 03:01, 040101 =>  180101,   3, 000150
07 03:11, 150101 =>  020201,  24, 000320
07 03:37, 150101 =>  022001,  60, 000516
07 03:56, 150101 =>  020301,  43, 000396
07 04:10, 040101 =>  230201,  34, 000414
07 04:49, 150101 =>  020501,  90, 000828
07 05:02, 150101 =>  020801,  28, 000606
07 05:34, 150101 =>  090601,  76, 000818
07 06:12, 040101 =>  050201,  87, 000102
07 06:39, 150101 =>  090701,  61, 000881
07 06:58, 150101 =>  090401,  44, 000453
07 07:07, 130101 =>  200501,  22, 000148
07 07:32, 130101 =>  131001,  58, 000453
07 07:40, 150101 =>  110501,  17, 000154
07 08:08, 040101 =>  210101,  65, 000285
07 08:45, 130101 =>  240101,  86, 000848
07 09:15, 040101 =>  040201,  70, 000383
07 09:17, 040101 =>  030101,   4, 000814
07 09:29, 150101 =>  100401,  27, 000640
07 10:12, 150101 =>  110401, 100, 000764
07 10:21, 150101 =>  022001,  21, 000647
07 10:40, 040101 =>  180301,  43, 000820
07 11:19, 150101 =>  022001,  89, 000009
07 11:48, 150101 =>  120701,  69, 000307
07 12:14, 150101 =>  100701,  60, 000052
07 12:24, 150101 =>  120201,  22, 000601
07 12:34, 150101 =>  100501,  24, 000744
07 13:07, 150101 =>  110401,  75, 000914
07 13:47, 130101 =>  220101,  92, 000784
07 14:07, 150101 =>  020101,  46, 000415
07 14:48, 040101 =>  230101,  95, 000248
07 15:21, 150101 =>  110501,  77, 000663
07 15:43, 150101 =>  070101,  50, 000631
07 16:22, 040101 =>  080101,  90, 000650
07 16:34, 040101 =>  080901,  27, 000638
07 16:48, 150101 =>  150701,  34, 000020
07 17:16, 130101 =>  220401,  65, 000341
07 17:20, 150101 =>  090501,   7, 000921
07 17:33, 150101 =>  100501,  32, 000253
07 17:40, 150101 =>  021701,  16, 000903
07 17:44, 150101 =>  100501,   8, 000879
07 17:53, 150101 =>  021601,  22, 000449
07 17:59, 150101 =>  190301,  13, 000803
07 18:18, 130101 =>  010101,  45, 000303
07 18:21, 150101 =>  090101,   5, 000774
07 18:25, 150101 =>  151001,  10, 000011
07 18:27, 150101 =>  100301,   4, 000964
07 18:51, 130101 =>  240301,  56, 000605
07 19:10, 040101 =>  210101,  45, 000257
07 19:24, 130101 =>  061101,  31, 000457
07 19:30, 040101 =>  040401,  13, 000595
07 19:32, 130101 =>  160801,   6, 000115
07 19:45, 040101 =>  030201,  30, 000259
07 19:51, 130101 =>  240201,  14, 000039
07 19:52, 150101 =>  190301,   3, 000898
07 20:08, 040101 =>  210201,  36, 000534
07 20:11, 150101 =>  020101,   7, 000966
07 20:14, 150101 =>  090301,   6, 000497
07 20:24, 040101 =>  230301,  23, 000847
07 20:25, 150101 =>  021901,   4, 000186
07 20:26, 150101 =>  151001,   1, 000967
08 00:07, 150101 =>  021201,  18, 000676
08 00:10, 130101 =>  160201,   7, 000886
08 00:24, 040101 =>  080101,  31, 000329
08 00:35, 040101 =>  230301,  25, 000830
08 00:59, 040101 =>  081201,  56, 000584
08 01:23, 150101 =>  150201,  56, 000421
08 01:26, 040101 =>  211301,   6, 000366
08 01:41, 150101 =>  100401,  36, 000854
08 02:19, 150101 =>  020301,  88, 000312
08 02:20, 150101 =>  090301,   1, 000805
08 02:23, 040101 =>  050201,   7, 000710
08 02:29, 150101 =>  150801,  14, 000291
08 02:54, 150101 =>  090101,  57, 000455
08 03:15, 130101 =>  160701,  49, 000435
08 03:57, 040101 =>  210501,  96, 000702
08 04:10, 040101 =>  051001,  31, 000022
08 04:31, 150101 =>  090701,  48, 000200
08 05:03, 040101 =>  081101,  74, 000833
08 05:13, 040101 =>  250201,  23, 000144
08 05:28, 130101 =>  200201,  36, 000735
08 05:47, 150101 =>  110301,  44, 000519
08 05:57, 130101 =>  010701,  23, 000663
08 06:28, 150101 =>  021101,  70, 000881
08 07:08, 150101 =>  090301,  92, 000958
08 07:14, 150101 =>  120301,  14, 000274
08 07:26, 130101 =>  010601,  28, 000839
08 07:49, 150101 =>  021501,  54, 000271
08 08:15, 130101 =>  060501,  60, 000913
08 08:33, 040101 =>  040201,  40, 000221
08 08:57, 040101 =>  050401,  56, 000976
08 09:11, 130101 =>  010701,  32, 000812
08 09:16, 130101 =>  140201,  12, 000596
08 09:55, 130101 =>  240201,  90, 000357
08 10:02, 150101 =>  021901,  17, 000416
08 10:06, 040101 =>  081201,   9, 000412
08 10:46, 150101 =>  101001,  91, 000551
08 10:55, 150101 =>  090601,  21, 000505
08 11:38, 150101 =>  110301, 100, 000842
08 11:48, 150101 =>  090101,  22, 000880
08 12:19, 040101 =>  050801,  72, 000171
08 12:46, 150101 =>  022001,  62, 000704
08 12:54, 040101 =>  050801,  20, 000844
08 13:25, 040101 =>  211001,  70, 000670
08 13:32, 150101 =>  021401,  16, 000855
08 14:05, 150101 =>  150401,  77, 000233
08 14:21, 150101 =>  150601,  37, 000093
08 14:54, 150101 =>  090601,  76, 000170
08 15:00, 150101 =>  020901,  14, 000908
08 15:14, 150101 =>  150701,  33, 000338
08 15:35, 130101 =>  220501,  47, 000345
08 15:49, 040101 =>  230201,  32, 000932
08 15:56, 130101 =>  061101,  17, 000774
08 16:11, 150101 =>  150401,  35, 000627
08 16:20, 150101 =>  120501,  20, 000258
08 16:34, 150101 =>  100701,  33, 000569
08 16:43, 150101 =>  020101,  20, 000340
08 17:01, 150101 =>  120901,  43, 000548
08 17:27, 040101 =>  210801,  60, 000127
08 17:40, 150101 =>  151001,  30, 000371
08 17:46, 040101 =>  040801,  13, 000858
08 17:48, 130101 =>  200401,   4, 000195
08 18:13, 040101 =>  040401,  58, 000255
08 18:31, 150101 =>  150301,  41, 000857
08 18:49, 150101 =>  120401,  43, 000237
08 19:00, 150101 =>  100701,  24, 000726
08 19:20, 130101 =>  160801,  48, 000036
08 19:37, 040101 =>  030601,  39, 000535
08 19:53, 130101 =>  200701,  36, 000936
08 19:56, 040101 =>  211001,   8, 000802
08 20:02, 150101 =>  101101,  13, 000700
08 20:04, 040101 =>  080901,   5, 000973
08 20:10, 040101 =>  040701,  14, 000603
08 20:15, 150101 =>  090501,  12, 000054
08 20:17, 150101 =>  021701,   4, 000183
08 20:23, 150101 =>  190301,  14, 000025
08 20:37, 130101 =>  140301,  31, 000405
08 20:41, 150101 =>  021401,   9, 000756
08 20:47, 130101 =>  130901,  15, 000074
08 20:54, 040101 =>  030201,  17, 000566
08 20:57, 040101 =>  030501,   5, 000335
08 21:00, 150101 =>  150201,   7, 000082
08 21:01, 150101 =>  090101,   4, 000579
08 21:06, 130101 =>  010301,  10, 000376
08 21:11, 040101 =>  050501,  13, 000868
08 21:12, 150101 =>  020901,   2, 000322
09 00:27, 150101 =>  021201,  63, 000961
09 01:00, 040101 =>  250401,  76, 000654
09 01:16, 040101 =>  050201,  38, 000579
09 01:47, 130101 =>  140301,  70, 000347
09 02:22, 150101 =>  020401,  81, 000830
09 02:50, 150101 =>  090201,  66, 000917
09 02:58, 040101 =>  050101,  19, 000453
09 03:19, 150101 =>  020501,  48, 000260
09 03:22, 150101 =>  190301,   6, 000713
09 03:31, 150101 =>  110201,  21, 000061
09 03:46, 150101 =>  190101,  34, 000886
09 04:23, 040101 =>  250101,  87, 000447
09 04:30, 150101 =>  150601,  16, 000445
09 05:08, 040101 =>  050901,  86, 000558
09 05:17, 130101 =>  060601,  22, 000853
09 05:42, 150101 =>  100401,  57, 000389
09 05:53, 150101 =>  110301,  25, 000526
09 06:02, 150101 =>  021501,  21, 000038
09 06:21, 150101 =>  100201,  45, 000793
09 06:43, 150101 =>  150701,  50, 000477
09 07:18, 040101 =>  030501,  82, 000798
09 07:51, 040101 =>  080301,  76, 000842
09 07:58, 150101 =>  020501,  15, 000298
09 08:20, 130101 =>  060301,  50, 000417
09 08:25, 150101 =>  021901,  13, 000523
09 08:39, 150101 =>  150801,  32, 000315
09 08:58, 150101 =>  100701,  44, 000666
09 09:11, 040101 =>  080901,  29, 000501
09 09:17, 150101 =>  110501,  15, 000957
09 09:31, 150101 =>  100601,  31, 000156
09 09:37, 130101 =>  060501,  15, 000033
09 10:13, 040101 =>  170101,  83, 000041
09 10:46, 150101 =>  090201,  77, 000432
09 11:18, 150101 =>  020401,  72, 000840
09 11:19, 150101 =>  021801,   4, 000376
09 11:25, 130101 =>  010401,  12, 000126
09 11:57, 150101 =>  110501,  75, 000481
09 12:33, 150101 =>  190101,  82, 000597
09 13:15, 130101 =>  160701,  98, 000377
09 13:48, 150101 =>  090201,  77, 000545
09 14:01, 130101 =>  130201,  29, 000216
09 14:27, 040101 =>  211201,  59, 000333
09 14:32, 040101 =>  040501,  12, 000566
09 15:09, 130101 =>  200301,  86, 000917
09 15:14, 130101 =>  240101,  12, 000396
09 15:34, 150101 =>  150301,  45, 000958
09 15:45, 150101 =>  020401,  26, 000615
09 16:02, 130101 =>  130901,  40, 000947
09 16:18, 040101 =>  170301,  36, 000210
09 16:24, 130101 =>  130701,  13, 000502
09 17:02, 150101 =>  021701,  88, 000143
09 17:20, 150101 =>  120801,  41, 000096
09 17:22, 150101 =>  190301,   6, 000260
09 17:29, 130101 =>  160801,  17, 000878
09 17:52, 040101 =>  211001,  52, 000939
09 17:54, 150101 =>  020601,   4, 000956
09 18:15, 150101 =>  120101,  50, 000674
09 18:39, 150101 =>  110501,  55, 000063
09 18:45, 150101 =>  120901,  13, 000328
09 18:54, 150101 =>  090201,  21, 000479
09 19:01, 040101 =>  230401,  17, 000464
09 19:09, 040101 =>  030201,  17, 000092
09 19:18, 150101 =>  021201,  22, 000670
09 19:24, 150101 =>  150201,  13, 000791
09 19:38, 040101 =>  080301,  32, 000713
09 19:43, 150101 =>  100101,  12, 000900
09 19:48, 150101 =>  120101,  11, 000138
09 20:00, 040101 =>  040501,  29, 000425
09 20:02, 150101 =>  110501,   5, 000176
09 20:10, 040101 =>  210801,  18, 000010
09 20:14, 150101 =>  120601,   9, 000490
09 20:15, 150101 =>  100801,   3, 000835
09 20:18, 150101 =>  020301,   6, 000446
09 20:20, 150101 =>  150301,   4, 000741
09 20:22, 150101 =>  110201,   5, 000023
09 20:24, 150101 =>  021101,   4, 000960
09 20:42, 130101 =>  010401,  43, 000892
09 20:43, 150101 =>  120301,   1, 000310
10 00:39, 150101 =>  021201,  95, 000198
10 01:15, 150101 =>  100501,  86, 000080
10 01:32, 130101 =>  220201,  42, 000534
10 01:53, 040101 =>  050501,  49, 000977
10 01:59, 150101 =>  021301,  15, 000271
10 02:23, 150101 =>  190201,  57, 000874
10 02:40, 150101 =>  150801,  42, 000475
10 02:43, 130101 =>  060201,   7, 000720
10 02:45, 150101 =>  100601,   4, 000161
10 03:16, 150101 =>  100301,  74, 000252
10 03:46, 130101 =>  200501,  72, 000950
10 04:00, 040101 =>  030701,  33, 000526
10 04:17, 150101 =>  070101,  41, 000864
10 04:22, 130101 =>  200601,  13, 000650
10 04:54, 150101 =>  090601,  77, 000352
10 05:27, 150101 =>  150801,  78, 000929
10 05:52, 150101 =>  020301,  61, 000499
10 06:26, 040101 =>  170301,  81, 000412
10 06:48, 130101 =>  220101,  53, 000964
10 07:30, 040101 =>  050201, 100, 000306
10 07:34, 150101 =>  020401,  11, 000980
10 07:59, 040101 =>  081201,  59, 000790
10 08:07, 130101 =>  061301,  19, 000522
10 08:37, 130101 =>  130701,  72, 000262
10 08:44, 150101 =>  020101,  18, 000352
10 08:48, 130101 =>  200801,   9, 000693
10 09:16, 150101 =>  110401,  67, 000097
10 09:47, 040101 =>  080401,  75, 000581
10 10:05, 150101 =>  120201,  44, 000206
10 10:19, 150101 =>  110301,  33, 000782
10 10:46, 150101 =>  100401,  64, 000236
10 11:20, 040101 =>  080101,  83, 000607
10 11:46, 040101 =>  230201,  61, 000846
10 11:57, 130101 =>  010301,  26, 000969
10 12:26, 150101 =>  020401,  71, 000586
10 12:37, 150101 =>  022001,  26, 000920
10 12:42, 130101 =>  240101,  12, 000446
10 12:50, 130101 =>  200201,  20, 000499
10 12:59, 150101 =>  100701,  21, 000915
10 13:10, 130101 =>  060201,  26, 000003
10 13:32, 150101 =>  100601,  54, 000119
10 13:48, 040101 =>  180201,  37, 000237
10 14:03, 150101 =>  020901,  37, 000491
10 14:15, 150101 =>  090701,  28, 000919
10 14:44, 040101 =>  211301,  69, 000208
10 15:15, 040101 =>  080401,  74, 000171
10 15:41, 150101 =>  021801,  64, 000097
10 16:16, 150101 =>  020601,  83, 000091
10 16:20, 150101 =>  100301,  10, 000557
10 16:39, 040101 =>  051101,  45, 000328
10 16:40, 130101 =>  200101,   3, 000164
10 16:56, 130101 =>  130601,  39, 000714
10 17:25, 150101 =>  110101,  70, 000737
10 17:40, 130101 =>  160801,  36, 000120
10 17:44, 150101 =>  150401,   8, 000149
10 18:00, 150101 =>  100601,  38, 000278
10 18:08, 150101 =>  151001,  20, 000264
10 18:17, 040101 =>  250401,  21, 000209
10 18:30, 150101 =>  090601,  33, 000570
10 18:35, 150101 =>  150801,  11, 000691
10 18:37, 040101 =>  040301,   4, 000037
10 18:42, 150101 =>  190201,  13, 000859
10 18:52, 040101 =>  040801,  23, 000017
10 19:05, 040101 =>  051101,  31, 000338
10 19:12, 150101 =>  021101,  17, 000030
10 19:17, 040101 =>  210901,  12, 000285
10 19:20, 040101 =>  080901,   8, 000443
10 19:22, 150101 =>  021301,   5, 000454
10 19:25, 150101 =>  020101,   7, 000326
10 19:29, 150101 =>  110101,  10, 000014
10 19:32, 040101 =>  080201,   6, 000209
10 19:35, 150101 =>  020601,   8, 000760
10 19:55, 130101 =>  060301,  47, 000979
10 20:02, 130101 =>  010401,  17, 000212
10 20:03, 150101 =>  120801,   4, 000890
10 20:08, 040101 =>  030301,  11, 000286
10 20:09, 150101 =>  090101,   3, 000579
10 20:15, 130101 =>  061101,  13, 000683
10 20:16, 150101 =>  120701,   4, 000528
10 20:17, 150101 =>  150701,   3, 000483
10 20:20, 150101 =>  100701,   7, 000559
10 20:22, 040101 =>  050601,   5, 000271
10 20:25, 040101 =>  180301,   7, 000970
10 20:27, 040101 =>  170201,   4, 000695
10 20:29, 150101 =>  150901,   4, 000544
10 20:30, 150101 =>  190201,   2, 000590
10 20:32, 040101 =>  210801,   6, 000410
11 00:27, 150101 =>  090101,  65, 000747
11 01:07, 040101 =>  051101,  96, 000480
11 01:09, 150101 =>  090501,   5, 000561
11 01:12, 150101 =>  090701,   9, 000494
11 01:31, 040101 =>  081201,  45, 000331
11 01:51, 040101 =>  081101,  47, 000533
11 02:05, 150101 =>  150601,  35, 000796
11 02:27, 130101 =>  160101,  51, 000536
11 02:33, 150101 =>  120501,  16, 000963
11 02:40, 130101 =>  061101,  17, 000488
11 03:02, 150101 =>  150501,  52, 000395
11 03:14, 040101 =>  170301,  28, 000580
11 03:27, 040101 =>  081001,  31, 000907
11 04:04, 040101 =>  211201,  89, 000904
11 04:05, 150101 =>  100401,   4, 000903
11 04:16, 040101 =>  050501,  25, 000632
11 04:16, 150101 =>  021101,   1, 000076
11 04:35, 040101 =>  040601,  45, 000140
11 04:56, 130101 =>  060601,  51, 000843
11 05:37, 040101 =>  050701,  97, 000427
11 06:09, 150101 =>  150601,  78, 000901
11 06:14, 130101 =>  130901,  11, 000490
11 06:17, 150101 =>  100101,   7, 000898
11 06:23, 040101 =>  211101,  15, 000442
11 06:28, 150101 =>  020501,  12, 000397
11 06:39, 040101 =>  210201,  27, 000760
11 07:01, 150101 =>  020301,  53, 000824
11 07:05, 150101 =>  020601,   8, 000900
11 07:17, 150101 =>  190201,  31, 000300
11 07:27, 150101 =>  021701,  22, 000917
11 07:56, 150101 =>  021901,  71, 000243
11 08:27, 040101 =>  050801,  75, 000880
11 09:01, 150101 =>  100901,  81, 000734
11 09:41, 150101 =>  021001,  96, 000902
11 10:05, 150101 =>  020201,  57, 000857
11 10:24, 040101 =>  211001,  45, 000879
11 10:49, 150101 =>  020401,  60, 000667
11 11:25, 150101 =>  120801,  88, 000212
11 11:28, 040101 =>  030301,   7, 000369
11 11:55, 130101 =>  140201,  65, 000967
11 12:04, 150101 =>  101101,  21, 000448
11 12:12, 130101 =>  060801,  18, 000107
11 12:15, 130101 =>  010201,   8, 000778
11 12:17, 040101 =>  210601,   5, 000076
11 12:28, 040101 =>  210901,  27, 000259
11 12:37, 150101 =>  101001,  22, 000268
11 13:05, 150101 =>  020101,  66, 000369
11 13:34, 150101 =>  100401,  70, 000154
11 13:46, 150101 =>  120101,  28, 000880
11 13:54, 150101 =>  150501,  19, 000499
11 13:57, 130101 =>  240101,   9, 000400
11 14:28, 130101 =>  060301,  73, 000019
11 14:30, 130101 =>  131201,   4, 000798
11 14:47, 130101 =>  240201,  41, 000959
11 14:56, 150101 =>  120101,  22, 000338
11 15:19, 150101 =>  120201,  55, 000696
11 15:57, 150101 =>  110501,  91, 000158
11 16:02, 150101 =>  151001,  13, 000012
11 16:19, 150101 =>  120101,  41, 000835
11 16:25, 150101 =>  120401,  13, 000022
11 16:46, 040101 =>  081201,  52, 000736
11 16:55, 040101 =>  081001,  20, 000409
11 17:18, 150101 =>  090501,  57, 000355
11 17:39, 150101 =>  090301,  49, 000344
11 17:48, 130101 =>  060901,  22, 000202
11 17:54, 150101 =>  120901,  14, 000547
11 18:05, 040101 =>  080701,  27, 000154
11 18:16, 150101 =>  150901,  27, 000894
11 18:32, 130101 =>  240101,  38, 000738
11 18:34, 040101 =>  081001,   5, 000851
11 18:37, 150101 =>  090201,   6, 000942
11 18:40, 040101 =>  250401,   8, 000377
11 18:48, 150101 =>  100701,  20, 000227
11 18:51, 150101 =>  120201,   6, 000502
11 18:55, 150101 =>  100901,  10, 000480
11 19:02, 040101 =>  030501,  18, 000385
11 19:05, 150101 =>  120501,   7, 000536
11 19:07, 150101 =>  110201,   5, 000914
11 19:10, 150101 =>  021701,   6, 000329
11 19:21, 040101 =>  210801,  26, 000667
11 19:22, 150101 =>  100501,   3, 000257
11 19:26, 040101 =>  230301,  10, 000961
11 19:28, 150101 =>  022001,   5, 000260
11 19:35, 040101 =>  040801,  15, 000679
11 19:36, 150101 =>  101001,   4, 000102
11 19:37, 150101 =>  090501,   2, 000548
12 00:02, 150101 =>  110301,   7, 000818
12 00:18, 150101 =>  120801,  37, 000587
12 00:48, 130101 =>  130801,  73, 000874
12 01:22, 150101 =>  150201,  82, 000443
12 01:31, 150101 =>  020401,  21, 000840
12 01:50, 150101 =>  021401,  46, 000746
12 01:55, 040101 =>  030501,  12, 000135
12 02:07, 130101 =>  220901,  27, 000872
12 02:20, 040101 =>  050601,  31, 000790
12 02:40, 150101 =>  120501,  49, 000601
12 03:09, 150101 =>  120101,  69, 000327
12 03:13, 040101 =>  080501,  11, 000189
12 03:15, 150101 =>  020501,   4, 000987
12 03:44, 040101 =>  030601,  69, 000969
12 03:50, 150101 =>  110501,  15, 000222
12 03:56, 150101 =>  100201,  15, 000778
12 04:08, 130101 =>  200601,  29, 000865
12 04:20, 040101 =>  081001,  27, 000034
12 04:30, 130101 =>  131001,  24, 000132
12 04:45, 130101 =>  200201,  38, 000177
12 05:07, 150101 =>  090601,  53, 000951
12 05:34, 150101 =>  020901,  64, 000251
12 05:55, 130101 =>  060901,  49, 000052
12 06:12, 150101 =>  021301,  43, 000895
12 06:45, 130101 =>  010101,  77, 000343
12 06:51, 150101 =>  090701,  15, 000929
12 07:28, 150101 =>  021301,  89, 000416
12 07:30, 040101 =>  211301,   5, 000943
12 07:53, 150101 =>  110101,  55, 000368
12 08:13, 130101 =>  200101,  48, 000526
12 08:22, 150101 =>  120601,  21, 000539
12 08:23, 040101 =>  030101,   3, 000291
12 08:47, 150101 =>  021201,  59, 000015
12 08:59, 150101 =>  020701,  28, 000479
12 09:03, 150101 =>  070101,   9, 000217
12 09:10, 130101 =>  130701,  18, 000187
12 09:13, 040101 =>  210601,   7, 000389
12 09:15, 150101 =>  021901,   4, 000150
12 09:30, 150101 =>  070101,  37, 000302
12 09:53, 040101 =>  040801,  54, 000855
12 10:23, 040101 =>  040401,  72, 000029
12 10:55, 150101 =>  020901,  78, 000485
12 11:15, 040101 =>  051101,  46, 000285
12 11:30, 040101 =>  050101,  38, 000608
12 11:44, 150101 =>  020101,  32, 000604
12 12:12, 040101 =>  230201,  68, 000719
12 12:38, 130101 =>  130501,  62, 000947
12 13:06, 150101 =>  020601,  67, 000791
12 13:23, 040101 =>  040701,  42, 000538
12 13:47, 150101 =>  070101,  58, 000685
12 14:02, 150101 =>  020601,  35, 000387
12 14:23, 150101 =>  120601,  50, 000799
12 14:32, 130101 =>  060701,  22, 000437
12 15:05, 040101 =>  210101,  79, 000995
12 15:14, 130101 =>  200701,  22, 000020
12 15:15, 150101 =>  110101,   2, 000090
12 15:33, 150101 =>  120801,  43, 000211
12 16:11, 150101 =>  090501,  91, 000413
12 16:25, 150101 =>  090601,  34, 000542
12 16:33, 150101 =>  090501,  19, 000397
12 16:57, 040101 =>  040801,  57, 000929
12 17:10, 130101 =>  220901,  31, 000258
12 17:12, 130101 =>  060101,   5, 000637
12 17:20, 130101 =>  200601,  20, 000716
12 17:46, 150101 =>  090201,  63, 000341
12 17:50, 150101 =>  020401,   9, 000498
12 17:52, 150101 =>  090301,   6, 000076
12 18:01, 150101 =>  021401,  21, 000120
12 18:06, 150101 =>  150801,  12, 000865
12 18:18, 150101 =>  100301,  28, 000422
12 18:20, 040101 =>  170301,   5, 000811
12 18:28, 150101 =>  100401,  20, 000512
12 18:35, 150101 =>  150901,  16, 000074
12 18:36, 150101 =>  020501,   3, 000752
12 18:39, 150101 =>  020101,   7, 000564
12 18:42, 040101 =>  080701,   8, 000096
12 18:46, 150101 =>  100601,   8, 000170
12 19:06, 040101 =>  040801,  49, 000121
12 19:26, 040101 =>  030401,  47, 000423
12 19:27, 150101 =>  120601,   4, 000501
12 19:29, 150101 =>  120701,   4, 000964
12 19:31, 150101 =>  100501,   4, 000007
12 19:36, 130101 =>  240301,  13, 000370
12 19:52, 040101 =>  210801,  37, 000272
12 19:56, 130101 =>  010201,  10, 000446
13 00:15, 150101 =>  021101,  36, 000701
13 00:55, 150101 =>  090101,  98, 000419
13 01:25, 150101 =>  021001,  72, 000896
13 02:07, 150101 =>  110201,  99, 000919
13 02:43, 040101 =>  051001,  88, 000211
13 02:52, 150101 =>  090401,  21, 000417
13 02:58, 130101 =>  130801,  14, 000218
13 03:12, 150101 =>  101001,  33, 000067
13 03:43, 150101 =>  120901,  76, 000280
13 04:25, 130101 =>  060401, 100, 000380
13 05:03, 130101 =>  060801,  91, 000684
13 05:07, 150101 =>  020801,   9, 000277
13 05:22, 130101 =>  130401,  37, 000575
13 05:50, 150101 =>  120901,  68, 000111
13 06:12, 150101 =>  020301,  52, 000774
13 06:27, 150101 =>  020701,  35, 000861
13 06:40, 150101 =>  022001,  32, 000563
13 06:41, 150101 =>  090201,   3, 000715
13 07:07, 150101 =>  020101,  62, 000824
13 07:16, 150101 =>  100801,  21, 000390
13 07:34, 150101 =>  150801,  43, 000031
13 07:55, 130101 =>  010501,  51, 000915
13 08:30, 150101 =>  120401,  85, 000021
13 08:32, 150101 =>  190301,   3, 000875
13 08:38, 040101 =>  040501,  16, 000592
13 09:08, 150101 =>  120301,  72, 000167
13 09:12, 040101 =>  040501,   8, 000679
13 09:37, 040101 =>  250201,  60, 000642
13 09:46, 130101 =>  140101,  23, 000666
13 10:14, 130101 =>  240301,  66, 000853
13 10:50, 150101 =>  110301,  87, 000018
13 11:09, 150101 =>  090201,  46, 000801
13 11:22, 150101 =>  090601,  31, 000243
13 11:39, 130101 =>  220901,  41, 000183
13 11:52, 130101 =>  130501,  32, 000856
13 11:55, 040101 =>  210201,   5, 000038
13 12:16, 150101 =>  100801,  52, 000714
13 12:34, 150101 =>  090701,  43, 000823
13 13:10, 040101 =>  170301,  87, 000625
13 13:29, 040101 =>  030701,  44, 000766
13 14:03, 150101 =>  020901,  82, 000573
13 14:07, 150101 =>  090101,  11, 000978
13 14:10, 130101 =>  220801,   5, 000509
13 14:14, 150101 =>  100101,  10, 000998
13 14:17, 150101 =>  120801,   9, 000213
13 14:45, 150101 =>  150401,  67, 000917
13 14:48, 130101 =>  130801,   6, 000505
13 15:06, 040101 =>  211001,  44, 000471
13 15:11, 130101 =>  220801,  11, 000542
13 15:25, 130101 =>  220901,  35, 000981
13 15:40, 130101 =>  060601,  34, 000610
13 15:54, 150101 =>  021601,  34, 000950
13 16:11, 150101 =>  100901,  42, 000817
13 16:14, 150101 =>  021801,   7, 000057
13 16:16, 130101 =>  160201,   4, 000415
13 16:19, 150101 =>  020901,   7, 000394
13 16:21, 130101 =>  130401,   5, 000488
13 16:24, 040101 =>  230101,   7, 000630
13 16:26, 040101 =>  210101,   6, 000514
13 16:49, 040101 =>  080301,  54, 000409
13 17:01, 150101 =>  110101,  29, 000737
13 17:20, 040101 =>  080101,  46, 000383
13 17:25, 150101 =>  110201,  13, 000012
13 17:28, 150101 =>  070101,   7, 000591
13 17:33, 130101 =>  131001,  11, 000739
13 17:40, 150101 =>  150201,  16, 000246
13 17:42, 130101 =>  140301,   7, 000884
13 17:46, 150101 =>  070101,   8, 000862
13 17:49, 130101 =>  160501,   8, 000858
13 18:10, 040101 =>  080801,  49, 000897
13 18:12, 150101 =>  120701,   7, 000458
13 18:20, 040101 =>  080101,  17, 000969
13 18:44, 040101 =>  081101,  58, 000662
13 19:05, 040101 =>  040801,  50, 000465
13 19:07, 150101 =>  100101,   7, 000031
13 19:09, 150101 =>  020501,   4, 000880
13 19:26, 040101 =>  081201,  41, 000923
13 19:43, 040101 =>  040501,  40, 000873
13 20:02, 040101 =>  051101,  47, 000717
13 20:04, 150101 =>  150401,   4, 000940
13 20:07, 130101 =>  061101,   8, 000882
14 00:05, 040101 =>  170301,  12, 000275
14 00:08, 130101 =>  160401,   8, 000038
14 00:37, 150101 =>  150501,  70, 000138
14 00:42, 150101 =>  100101,  11, 000374
14 01:12, 040101 =>  211101,  72, 000507
14 01:37, 150101 =>  021601,  61, 000091
14 01:44, 150101 =>  110401,  16, 000467
14 01:59, 150101 =>  020301,  37, 000660
14 02:18, 130101 =>  220801,  46, 000847
14 02:39, 040101 =>  050801,  50, 000203
14 02:42, 150101 =>  021501,   7, 000902
14 03:14, 130101 =>  160401,  76, 000632
14 03:20, 040101 =>  080401,  14, 000108
14 03:47, 130101 =>  130401,  67, 000631
14 04:13, 150101 =>  120901,  61, 000852
14 04:27, 150101 =>  110401,  35, 000601
14 04:38, 040101 =>  080501,  26, 000334
14 05:07, 150101 =>  100501,  68, 000515
14 05:36, 150101 =>  021301,  70, 000538
14 06:00, 040101 =>  030701,  58, 000729
14 06:05, 150101 =>  090301,  13, 000152
14 06:26, 150101 =>  150701,  49, 000916
14 06:40, 150101 =>  100201,  35, 000115
14 07:10, 150101 =>  151001,  71, 000577
14 07:39, 150101 =>  120201,  69, 000631
14 07:50, 150101 =>  101001,  27, 000618
14 08:00, 150101 =>  150701,  23, 000711
14 08:21, 150101 =>  090501,  52, 000931
14 08:52, 150101 =>  021801,  74, 000277
14 09:00, 150101 =>  151001,  18, 000701
14 09:34, 040101 =>  211001,  82, 000789
14 09:59, 130101 =>  160301,  61, 000789
14 10:01, 040101 =>  250101,   4, 000178
14 10:32, 040101 =>  050701,  74, 000156
14 10:58, 130101 =>  010601,  64, 000294
14 11:39, 150101 =>  100701,  98, 000828
14 12:04, 040101 =>  250101,  60, 000371
14 12:37, 130101 =>  200201,  79, 000939
14 13:02, 150101 =>  021601,  59, 000354
14 13:40, 040101 =>  211001,  92, 000744
14 13:42, 150101 =>  020101,   5, 000906
14 14:15, 040101 =>  080401,  80, 000237
14 14:24, 040101 =>  081201,  20, 000963
14 14:42, 150101 =>  020401,  45, 000555
14 15:02, 150101 =>  120201,  47, 000889
14 15:17, 040101 =>  050501,  35, 000510
14 15:25, 130101 =>  060301,  19, 000916
14 15:28, 040101 =>  080601,   8, 000326
14 15:30, 150101 =>  090101,   5, 000012
14 16:06, 150101 =>  150601,  87, 000401
14 16:13, 130101 =>  010601,  16, 000237
14 16:29, 130101 =>  200501,  38, 000126
14 16:57, 040101 =>  030601,  67, 000223
14 17:17, 040101 =>  250201,  49, 000992
14 17:58, 150101 =>  020401,  98, 000343
14 18:02, 150101 =>  150701,  10, 000532
14 18:16, 150101 =>  150401,  33, 000193
14 18:17, 040101 =>  040401,   4, 000532
14 18:22, 150101 =>  120501,  12, 000725
14 18:34, 040101 =>  080401,  27, 000792
14 18:41, 130101 =>  060101,  18, 000465
14 18:50, 150101 =>  100501,  20, 000414
14 19:10, 150101 =>  190301,  48, 000628
14 19:17, 040101 =>  180101,  19, 000442
14 19:25, 040101 =>  080501,  19, 000092
14 19:32, 150101 =>  090501,  15, 000766
14 19:35, 040101 =>  050601,   8, 000517
14 19:43, 150101 =>  020101,  20, 000142
14 19:46, 150101 =>  090201,   7, 000268
14 19:50, 130101 =>  240101,   8, 000680
14 19:54, 040101 =>  050301,  10, 000801
14 20:00, 150101 =>  021101,  14, 000356
14 20:02, 130101 =>  220601,   6, 000953
14 20:04, 150101 =>  090201,   4, 000465
14 20:09, 040101 =>  180301,  12, 000344
14 20:14, 150101 =>  120801,  13, 000194
14 20:16, 150101 =>  120201,   4, 000166
14 20:20, 150101 =>  120301,   9, 000336
14 20:21, 150101 =>  020801,   4, 000415
14 20:34, 130101 =>  220901,  31, 000935
14 20:36, 150101 =>  100701,   5, 000340
14 20:40, 040101 =>  051001,   9, 000677
14 20:41, 150101 =>  101001,   3, 000182
14 20:43, 040101 =>  170101,   4, 000374
14 20:45, 040101 =>  211001,   4, 000127
14 20:46, 040101 =>  051001,   4, 000810
14 20:48, 150101 =>  100101,   4, 000116
14 20:49, 150101 =>  020601,   3, 000350
14 20:51, 130101 =>  140201,   4, 000166
15 00:01, 130101 =>  130301,   3, 000815
15 00:05, 150101 =>  120501,   9, 000238
15 00:43, 150101 =>  150701,  92, 000888
15 01:07, 130101 =>  200801,  58, 000258
15 01:16, 040101 =>  170101,  22, 000995
15 01:28, 150101 =>  120201,  29, 000964
15 01:54, 130101 =>  010501,  62, 000002
15 01:56, 130101 =>  220801,   4, 000910
15 02:23, 040101 =>  180301,  65, 000027
15 02:38, 040101 =>  050701,  36, 000856
15 03:15, 150101 =>  021101,  88, 000495
15 03:40, 150101 =>  110401,  62, 000891
15 03:53, 150101 =>  021101,  31, 000368
15 04:09, 150101 =>  100701,  38, 000830
15 04:17, 040101 =>  080901,  20, 000596
15 04:25, 040101 =>  210301,  17, 000499
15 04:45, 150101 =>  021401,  48, 000349
15 05:06, 130101 =>  200101,  52, 000266
15 05:22, 150101 =>  100401,  39, 000148
15 05:41, 150101 =>  150701,  44, 000271
15 06:14, 040101 =>  050601,  80, 000053
15 06:42, 040101 =>  081001,  67, 000931
15 07:15, 040101 =>  050901,  78, 000138
15 07:24, 130101 =>  060701,  23, 000407
15 07:32, 150101 =>  020401,  20, 000045
15 08:06, 150101 =>  120901,  81, 000158
15 08:33, 040101 =>  050801,  65, 000396
15 08:36, 150101 =>  021901,   6, 000419
15 08:46, 040101 =>  250101,  24, 000063
15 09:00, 040101 =>  051101,  34, 000421
15 09:03, 150101 =>  021201,   8, 000230
15 09:24, 150101 =>  020701,  49, 000081
15 09:31, 150101 =>  100901,  18, 000894
15 09:45, 130101 =>  200701,  34, 000989
15 09:47, 150101 =>  120901,   4, 000697
15 10:27, 150101 =>  150401,  97, 000691
15 10:40, 150101 =>  021401,  30, 000283
15 10:55, 150101 =>  150501,  37, 000545
15 11:35, 040101 =>  180301,  94, 000508
15 12:07, 130101 =>  200501,  77, 000570
15 12:36, 150101 =>  100501,  70, 000674
15 13:13, 150101 =>  101101,  90, 000602
15 13:17, 150101 =>  100801,   8, 000643
15 13:21, 150101 =>  150301,  10, 000962
15 13:44, 040101 =>  210401,  55, 000800
15 14:00, 040101 =>  081101,  38, 000982
15 14:20, 040101 =>  210801,  50, 000062
15 14:27, 150101 =>  100101,  17, 000264
15 14:35, 040101 =>  210701,  17, 000086
15 14:39, 150101 =>  020201,  10, 000789
15 15:04, 150101 =>  020501,  61, 000223
15 15:38, 130101 =>  200501,  82, 000758
15 16:00, 040101 =>  050701,  51, 000007
15 16:01, 040101 =>  230301,   3, 000371
15 16:29, 130101 =>  130201,  67, 000714
15 17:07, 150101 =>  101101,  93, 000045
15 17:21, 040101 =>  030501,  33, 000642
15 17:32, 040101 =>  030401,  25, 000182
15 17:33, 150101 =>  021301,   4, 000228
15 17:40, 130101 =>  130401,  17, 000194
15 18:08, 150101 =>  021701,  66, 000974
15 18:36, 150101 =>  190101,  68, 000440
15 18:57, 150101 =>  021801,  49, 000021
15 19:00, 150101 =>  100401,   9, 000718
15 19:08, 150101 =>  020101,  18, 000867
15 19:10, 130101 =>  060801,   4, 000231
15 19:15, 150101 =>  110101,  14, 000046
15 19:28, 150101 =>  110201,  30, 000386
15 19:35, 040101 =>  040501,  16, 000112
15 19:51, 130101 =>  060301,  40, 000123
15 19:55, 040101 =>  250201,  10, 000164
15 19:57, 130101 =>  130301,   4, 000848
15 20:07, 130101 =>  010701,  23, 000863
15 20:09, 040101 =>  030501,   5, 000064
15 20:11, 040101 =>  080401,   6, 000896
15 20:14, 150101 =>  120901,   6, 000452
15 20:17, 040101 =>  030401,   7, 000433
15 20:18, 040101 =>  211001,   4, 000140
15 20:20, 040101 =>  030101,   5, 000190
15 20:30, 150101 =>  150301,  23, 000181
15 20:39, 150101 =>  100901,  22, 000418
15 20:46, 150101 =>  190201,  16, 000848
15 20:54, 130101 =>  010101,  20, 000627
15 20:55, 040101 =>  040801,   3, 000026
15 20:58, 150101 =>  020401,   7, 000072
16 00:07, 150101 =>  100201,  17, 000022
16 00:29, 150101 =>  022001,  54, 000159
16 00:38, 040101 =>  051101,  22, 000082
16 01:10, 150101 =>  120401,  77, 000087
16 01:12, 040101 =>  030601,   5, 000912
16 01:28, 130101 =>  061201,  37, 000349
16 01:40, 040101 =>  040701,  29, 000862
16 02:05, 130101 =>  220301,  60, 000517
16 02:10, 130101 =>  061001,  11, 000072
16 02:28, 150101 =>  021101,  45, 000205
16 02:41, 040101 =>  050801,  31, 000576
16 02:45, 040101 =>  030101,   8, 000957
16 02:52, 040101 =>  030301,  17, 000804
16 02:55, 150101 =>  100701,   7, 000607
16 03:20, 150101 =>  110401,  60, 000095
16 03:50, 130101 =>  160801,  73, 000185
16 04:07, 040101 =>  081101,  40, 000281
16 04:34, 150101 =>  110301,  66, 000470
16 04:35, 040101 =>  080501,   2, 000855
16 05:12, 040101 =>  170301,  90, 000172
16 05:21, 040101 =>  050401,  21, 000313
16 05:38, 150101 =>  020201,  40, 000134
16 05:59, 040101 =>  230301,  51, 000858
16 06:02, 150101 =>  190101,   6, 000181
16 06:15, 150101 =>  090701,  33, 000323
16 06:40, 130101 =>  130701,  59, 000053
16 07:10, 150101 =>  150201,  72, 000121
16 07:19, 130101 =>  130501,  22, 000667
16 07:26, 040101 =>  080401,  17, 000212
16 07:37, 040101 =>  050501,  27, 000122
16 07:48, 130101 =>  130201,  26, 000404
16 08:05, 040101 =>  040801,  39, 000829
16 08:19, 150101 =>  100501,  35, 000234
16 08:24, 040101 =>  180201,  11, 000004
16 08:58, 130101 =>  160101,  83, 000853
16 09:40, 040101 =>  211001,  99, 000885
16 09:54, 040101 =>  250401,  34, 000024
16 10:23, 150101 =>  101001,  71, 000226
16 10:52, 130101 =>  200501,  70, 000187
16 11:30, 040101 =>  170201,  91, 000925
16 11:52, 130101 =>  200701,  52, 000543
16 12:19, 150101 =>  021901,  64, 000339
16 12:28, 130101 =>  060401,  22, 000006
16 12:32, 150101 =>  101001,  10, 000387
16 12:35, 130101 =>  061101,   7, 000534
16 12:47, 150101 =>  150301,  28, 000101
16 13:23, 040101 =>  050801,  87, 000228
16 13:39, 150101 =>  150201,  38, 000725
16 13:45, 150101 =>  120301,  16, 000116
16 13:47, 130101 =>  220901,   5, 000740
16 14:09, 040101 =>  080501,  52, 000330
16 14:29, 150101 =>  120501,  47, 000468
16 14:46, 040101 =>  050401,  42, 000605
16 14:57, 150101 =>  090701,  27, 000929
16 15:09, 040101 =>  080201,  27, 000073
16 15:13, 150101 =>  021101,  11, 000457
16 15:38, 150101 =>  090501,  60, 000526
16 15:50, 150101 =>  100801,  28, 000480
16 16:01, 130101 =>  060601,  27, 000111
16 16:10, 150101 =>  150801,  21, 000100
16 16:13, 040101 =>  040201,   7, 000504
16 16:19, 130101 =>  160301,  14, 000659
16 16:25, 130101 =>  160401,  15, 000492
16 16:38, 150101 =>  120801,  31, 000997
16 16:58, 150101 =>  090601,  49, 000010
16 17:21, 150101 =>  021501,  55, 000974
16 17:26, 150101 =>  020501,  11, 000642
16 17:42, 150101 =>  020501,  38, 000253
16 17:49, 040101 =>  210301,  17, 000813
16 18:19, 150101 =>  150601,  73, 000730
16 18:24, 040101 =>  080801,  11, 000580
16 19:03, 150101 =>  120501,  95, 000845
16 19:09, 150101 =>  100401,  13, 000830
16 19:27, 150101 =>  020701,  44, 000219
16 19:50, 150101 =>  021201,  56, 000832
16 19:56, 040101 =>  250401,  14, 000132
16 20:04, 150101 =>  100901,  19, 000597
16 20:08, 150101 =>  150901,  10, 000729
16 20:21, 150101 =>  021601,  30, 000695
16 20:33, 150101 =>  100801,  30, 000242
16 20:39, 130101 =>  140301,  13, 000981
16 20:42, 130101 =>  130401,   9, 000388
16 20:48, 150101 =>  120301,  14, 000396
16 20:53, 150101 =>  110501,  12, 000623
16 20:56, 150101 =>  101001,   7, 000094
16 21:00, 150101 =>  101001,   8, 000072
16 21:02, 040101 =>  040301,   7, 000993
16 21:07, 040101 =>  180201,  10, 000358
16 21:10, 150101 =>  150901,   9, 000214
16 21:13, 040101 =>  080101,   6, 000580
16 21:15, 150101 =>  100201,   5, 000304
16 21:17, 150101 =>  150701,   5, 000359
16 21:18, 150101 =>  020601,   2, 000643
16 21:19, 040101 =>  040201,   3, 000620
16 21:21, 130101 =>  160601,   5, 000135
17 00:16, 150101 =>  120101,  40, 000120
17 00:56, 130101 =>  200401,  96, 000090
17 01:26, 130101 =>  130701,  72, 000027
17 01:53, 130101 =>  131101,  65, 000449
17 02:17, 130101 =>  200401,  57, 000255
17 02:44, 150101 =>  100301,  65, 000010
17 03:03, 150101 =>  021901,  45, 000213
17 03:26, 150101 =>  020401,  55, 000418
17 03:45, 130101 =>  140101,  45, 000160
17 03:56, 150101 =>  190101,  27, 000278
17 04:28, 130101 =>  220101,  77, 000707
17 04:50, 130101 =>  061101,  52, 000948
17 05:12, 150101 =>  020501,  55, 000733
17 05:28, 150101 =>  020101,  38, 000353
17 05:49, 130101 =>  220401,  50, 000840
17 05:52, 040101 =>  030701,   6, 000495
17 06:02, 150101 =>  020801,  24, 000622
17 06:27, 150101 =>  020301,  62, 000069
17 07:01, 040101 =>  210201,  80, 000066
17 07:30, 150101 =>  110401,  69, 000232
17 07:40, 130101 =>  130201,  24, 000050
17 07:47, 150101 =>  090401,  17, 000484
17 08:07, 040101 =>  051001,  49, 000485
17 08:15, 150101 =>  020901,  19, 000114
17 08:44, 150101 =>  021801,  69, 000431
17 09:14, 040101 =>  211101,  72, 000732
17 09:39, 040101 =>  211101,  61, 000049
17 09:40, 040101 =>  210101,   3, 000819
17 09:59, 150101 =>  021101,  45, 000879
17 10:06, 040101 =>  210801,  16, 000466
17 10:30, 040101 =>  250401,  58, 000976
17 11:08, 150101 =>  150501,  91, 000980
17 11:26, 040101 =>  051101,  44, 000790
17 11:38, 150101 =>  100501,  28, 000436
17 11:43, 150101 =>  150901,  12, 000878
17 12:05, 150101 =>  021401,  52, 000366
17 12:10, 130101 =>  061101,  14, 000369
17 12:39, 150101 =>  100701,  68, 000453
17 13:14, 150101 =>  020801,  84, 000844
17 13:15, 150101 =>  120901,   2, 000392
17 13:47, 040101 =>  080801,  79, 000665
17 13:54, 150101 =>  100901,  15, 000922
17 14:19, 040101 =>  210401,  61, 000573
17 14:28, 130101 =>  160101,  22, 000339
17 14:32, 150101 =>  120201,   8, 000436
17 14:35, 150101 =>  100501,   8, 000179
17 15:13, 040101 =>  050901,  91, 000689
17 15:18, 130101 =>  160701,  13, 000964
17 15:41, 040101 =>  180301,  55, 000337
17 15:49, 150101 =>  120901,  19, 000309
17 16:12, 150101 =>  120101,  55, 000655
17 16:17, 130101 =>  200801,  13, 000983
17 16:19, 130101 =>  200701,   4, 000686
17 16:21, 130101 =>  130701,   4, 000533
17 16:51, 150101 =>  110301,  72, 000836
17 17:03, 040101 =>  050201,  30, 000648
17 17:24, 150101 =>  100901,  49, 000680
17 17:43, 150101 =>  120601,  46, 000023
17 18:11, 150101 =>  021101,  68, 000628
17 18:15, 150101 =>  090701,   9, 000457
17 18:19, 150101 =>  021201,  10, 000956
17 18:39, 150101 =>  090501,  47, 000768
17 18:46, 040101 =>  230401,  18, 000002
17 18:57, 150101 =>  190201,  25, 000328
17 19:16, 040101 =>  050401,  47, 000105
17 19:22, 150101 =>  150201,  15, 000869
17 19:25, 130101 =>  160501,   5, 000237
17 19:46, 040101 =>  030701,  51, 000123
17 20:06, 150101 =>  120301,  48, 000168
17 20:10, 150101 =>  150801,   9, 000538
17 20:11, 040101 =>  211301,   3, 000227
17 20:24, 150101 =>  100301,  31, 000177
17 20:25, 150101 =>  100401,   4, 000221
17 20:33, 040101 =>  050201,  18, 000146
17 20:40, 040101 =>  080701,  18, 000566
17 20:45, 150101 =>  110301,  11, 000842
17 20:49, 150101 =>  020201,   9, 000938
17 20:51, 150101 =>  101001,   6, 000682
17 20:53, 130101 =>  140101,   5, 000317
17 21:00, 040101 =>  211201,  16, 000828
17 21:04, 040101 =>  210401,   9, 000006
17 21:07, 040101 =>  180301,   9, 000545
17 21:10, 040101 =>  050601,   7, 000040
17 21:12, 040101 =>  211301,   5, 000959
17 21:18, 150101 =>  110501,  13, 000303
17 21:20, 150101 =>  020801,   6, 000494
17 21:22, 150101 =>  100101,   4, 000882
17 21:24, 130101 =>  221001,   4, 000471
17 21:25, 040101 =>  230101,   3, 000564
17 21:26, 150101 =>  150601,   3, 000073
17 21:27, 150101 =>  120401,   3, 000053
17 21:28, 130101 =>  060701,   2, 000975
17 21:30, 150101 =>  022001,   3, 000160
17 21:34, 040101 =>  030501,  10, 000770
18 00:38, 150101 =>  090701,  93, 000547
18 00:50, 040101 =>  050901,  27, 000783
18 01:02, 130101 =>  130901,  31, 000445
18 01:35, 040101 =>  040701,  79, 000506
18 01:52, 040101 =>  230101,  41, 000202
18 01:58, 040101 =>  180301,  13, 000480
18 02:13, 150101 =>  190201,  37, 000715
18 02:55, 040101 =>  030201,  99, 000543
18 03:35, 150101 =>  120301,  97, 000409
18 03:56, 150101 =>  090701,  50, 000192
18 04:26, 130101 =>  220301,  72, 000174
18 04:37, 150101 =>  100301,  26, 000089
18 05:00, 150101 =>  090401,  57, 000685
18 05:41, 150101 =>  020201,  98, 000446
18 05:56, 150101 =>  190301,  35, 000745
18 06:26, 040101 =>  040701,  72, 000161
18 06:45, 150101 =>  100601,  45, 000736
18 07:05, 150101 =>  020901,  50, 000821
18 07:15, 040101 =>  080801,  22, 000097
18 07:54, 040101 =>  210601,  95, 000702
18 08:24, 150101 =>  020201,  71, 000266
18 08:55, 150101 =>  151001,  75, 000456
18 08:58, 150101 =>  021101,   7, 000711
18 09:35, 150101 =>  151001,  89, 000099
18 09:46, 040101 =>  040401,  27, 000355
18 09:47, 130101 =>  220201,   3, 000325
18 09:55, 150101 =>  022001,  19, 000938
18 10:19, 040101 =>  211201,  56, 000681
18 10:28, 150101 =>  090301,  22, 000728
18 10:29, 150101 =>  021101,   3, 000820
18 10:45, 150101 =>  101001,  39, 000251
18 11:00, 040101 =>  211301,  36, 000353
18 11:09, 150101 =>  100701,  21, 000852
18 11:45, 040101 =>  040301,  85, 000062
18 11:57, 130101 =>  010401,  30, 000108
18 12:35, 130101 =>  140301,  91, 000318
18 13:02, 130101 =>  060501,  66, 000432
18 13:30, 150101 =>  110101,  65, 000663
18 14:01, 130101 =>  060801,  76, 000390
18 14:19, 040101 =>  040201,  43, 000800
18 14:51, 150101 =>  150601,  76, 000195
18 15:20, 040101 =>  230201,  69, 000846
18 15:24, 150101 =>  020401,  10, 000987
18 15:34, 040101 =>  210801,  25, 000320
18 15:38, 150101 =>  100701,  10, 000692
18 15:42, 150101 =>  020801,   8, 000849
18 15:58, 150101 =>  090601,  40, 000028
18 16:06, 040101 =>  211201,  19, 000606
18 16:14, 040101 =>  040301,  19, 000407
18 16:34, 150101 =>  021901,  47, 000684
18 17:07, 150101 =>  150901,  81, 000229
18 17:14, 040101 =>  040201,  15, 000444
18 17:44, 130101 =>  160801,  73, 000855
18 17:54, 150101 =>  101101,  24, 000317
18 18:10, 150101 =>  021601,  38, 000315
18 18:21, 040101 =>  230201,  26, 000094
18 18:39, 150101 =>  190101,  43, 000522
18 18:44, 150101 =>  190201,  13, 000760
18 18:52, 150101 =>  110401,  18, 000359
18 19:04, 130101 =>  220101,  29, 000872
18 19:11, 040101 =>  170201,  17, 000376
18 19:20, 130101 =>  010201,  22, 000123
18 19:26, 150101 =>  100501,  14, 000356
18 19:35, 150101 =>  150701,  22, 000453
18 19:40, 040101 =>  080401,  12, 000242
18 19:45, 040101 =>  250101,  13, 000198
18 19:59, 150101 =>  150601,  33, 000912
18 20:03, 040101 =>  250201,   9, 000503
18 20:14, 150101 =>  090501,  27, 000487
18 20:17, 040101 =>  210901,   7, 000264
18 20:24, 150101 =>  100201,  16, 000748
18 20:27, 150101 =>  090301,   8, 000687
18 20:29, 040101 =>  040601,   4, 000824
18 20:30, 040101 =>  050101,   4, 000511
18 20:34, 150101 =>  100901,   8, 000208
18 20:38, 150101 =>  100801,  11, 000361
18 20:41, 150101 =>  150701,   7, 000065
18 20:42, 040101 =>  050101,   3, 000947
19 00:18, 150101 =>  120401,  44, 000332
19 00:37, 040101 =>  170101,  45, 000246
19 01:15, 150101 =>  100701,  91, 000806
19 01:28, 040101 =>  050101,  33, 000405
19 01:32, 150101 =>  020701,   9, 000444
19 01:59, 150101 =>  021101,  64, 000414
19 02:37, 150101 =>  150801,  93, 000932
19 03:10, 150101 =>  120801,  79, 000877
19 03:22, 130101 =>  200701,  27, 000211
19 03:33, 150101 =>  150501,  27, 000709
19 04:04, 040101 =>  250201,  74, 000428
19 04:27, 150101 =>  100101,  56, 000626
19 05:01, 040101 =>  050301,  82, 000512
19 05:33, 040101 =>  250301,  77, 000923
19 06:08, 150101 =>  120201,  84, 000293
19 06:40, 130101 =>  131201,  76, 000655
19 07:15, 040101 =>  210701,  84, 000059
19 07:19, 130101 =>  160201,  10, 000285
19 07:46, 150101 =>  090201,  65, 000018
19 08:17, 150101 =>  100301,  74, 000705
19 08:30, 150101 =>  120401,  32, 000933
19 08:40, 040101 =>  050101,  24, 000978
19 09:07, 040101 =>  080301,  65, 000029
19 09:22, 150101 =>  020901,  36, 000735
19 09:45, 150101 =>  120701,  55, 000685
19 09:48, 150101 =>  021801,   7, 000611
19 09:50, 150101 =>  120201,   3, 000026
19 10:10, 150101 =>  110301,  50, 000399
19 10:51, 040101 =>  050601,  98, 000743
19 11:30, 150101 =>  151001,  93, 000944
19 11:46, 040101 =>  040401,  39, 000640
19 12:25, 150101 =>  190301,  93, 000527
19 12:29, 130101 =>  061101,   9, 000495
19 12:50, 150101 =>  021701,  50, 000637
19 13:12, 130101 =>  060601,  53, 000135
19 13:47, 040101 =>  250401,  86, 000739
19 13:56, 040101 =>  211301,  20, 000859
19 14:30, 150101 =>  022001,  81, 000922
19 14:35, 150101 =>  150501,  14, 000360
19 14:50, 150101 =>  090201,  36, 000724
19 15:00, 150101 =>  110501,  23, 000916
19 15:23, 130101 =>  160501,  56, 000168
19 15:39, 130101 =>  010601,  38, 000604
19 15:47, 040101 =>  030701,  20, 000681
19 16:15, 130101 =>  200301,  66, 000017
19 16:21, 040101 =>  081101,  15, 000102
19 16:24, 150101 =>  100301,   6, 000308
19 16:39, 040101 =>  210901,  37, 000389
19 17:09, 130101 =>  160101,  71, 000601
19 17:10, 040101 =>  081301,   4, 000695
19 17:19, 150101 =>  090401,  21, 000191
19 17:36, 040101 =>  210201,  41, 000998
19 18:07, 150101 =>  150401,  74, 000960
19 18:15, 150101 =>  021801,  19, 000895
19 18:38, 150101 =>  100301,  56, 000167
19 18:48, 040101 =>  030101,  24, 000854
19 18:57, 150101 =>  151001,  21, 000006
19 18:58, 040101 =>  211201,   3, 000014
19 19:08, 150101 =>  110301,  24, 000105
19 19:19, 130101 =>  220301,  25, 000505
19 19:27, 040101 =>  050101,  20, 000856
19 19:33, 040101 =>  030401,  15, 000650
19 19:35, 040101 =>  040601,   3, 000481
19 19:37, 040101 =>  040301,   5, 000211
19 19:39, 040101 =>  210801,   6, 000476
19 19:53, 130101 =>  060301,  33, 000157
19 19:56, 040101 =>  030601,   8, 000924
19 19:58, 150101 =>  090201,   4, 000901
19 20:00, 150101 =>  090101,   4, 000170
19 20:02, 150101 =>  150801,   5, 000636
19 20:04, 040101 =>  210901,   5, 000108
19 20:11, 130101 =>  010501,  17, 000578
19 20:24, 130101 =>  200501,  31, 000861
19 20:29, 150101 =>  020201,  13, 000197
19 20:31, 040101 =>  210201,   4, 000234
19 20:32, 040101 =>  230301,   3, 000107
19 20:35, 130101 =>  060301,   8, 000048
19 20:47, 130101 =>  220401,  29, 000851
20 00:17, 040101 =>  051101,  41, 000128
20 00:20, 130101 =>  010601,   9, 000357
20 00:45, 040101 =>  080601,  60, 000814
20 01:25, 150101 =>  020501,  95, 000640
20 01:44, 040101 =>  210901,  46, 000640
20 02:02, 150101 =>  100901,  43, 000155
20 02:06, 150101 =>  100801,   9, 000507
20 02:30, 130101 =>  160601,  59, 000820
20 03:02, 040101 =>  211101,  77, 000446
20 03:12, 150101 =>  101001,  24, 000398
20 03:25, 150101 =>  110101,  30, 000694
20 03:31, 150101 =>  020401,  15, 000893
20 03:58, 040101 =>  030101,  65, 000191
20 04:00, 130101 =>  060301,   4, 000929
20 04:40, 130101 =>  160501,  95, 000747
20 05:12, 150101 =>  020501,  79, 000384
20 05:38, 040101 =>  230401,  61, 000912
20 06:11, 040101 =>  080801,  80, 000216
20 06:16, 130101 =>  130201,  11, 000019
20 06:51, 150101 =>  120601,  85, 000150
20 06:52, 130101 =>  061001,   3, 000075
20 07:17, 150101 =>  120701,  60, 000573
20 07:24, 150101 =>  110501,  16, 000934
20 07:35, 040101 =>  230201,  27, 000286
20 07:39, 040101 =>  080501,   9, 000154
20 07:54, 150101 =>  021001,  35, 000857
20 08:09, 150101 =>  150401,  36, 000587
20 08:17, 130101 =>  060901,  19, 000993
20 08:43, 130101 =>  160601,  64, 000134
20 08:50, 040101 =>  050501,  17, 000829
20 09:22, 150101 =>  110301,  75, 000100
20 09:32, 040101 =>  080101,  24, 000055
20 09:41, 040101 =>  210601,  22, 000164
20 10:13, 150101 =>  190101,  78, 000881
20 10:54, 150101 =>  120501,  97, 000439
20 11:06, 150101 =>  021501,  29, 000248
20 11:43, 040101 =>  040501,  89, 000847
20 12:21, 040101 =>  040201,  92, 000863
20 12:39, 040101 =>  230201,  42, 000890
20 12:46, 150101 =>  110401,  17, 000879
20 13:22, 150101 =>  021101,  86, 000633
20 13:42, 040101 =>  030401,  50, 000437
20 13:57, 150101 =>  090601,  36, 000660
20 14:02, 040101 =>  051001,  10, 000141
20 14:18, 040101 =>  211301,  39, 000441
20 14:52, 130101 =>  200601,  83, 000931
20 14:56, 150101 =>  100501,   9, 000612
20 15:22, 150101 =>  150301,  62, 000067
20 15:37, 150101 =>  120301,  37, 000093
20 16:12, 130101 =>  130601,  82, 000012
20 16:13, 150101 =>  150301,   3, 000289
20 16:25, 040101 =>  080601,  29, 000981
20 16:31, 040101 =>  170201,  14, 000150
20 16:58, 150101 =>  021501,  65, 000051
20 17:00, 150101 =>  101001,   5, 000208
20 17:10, 150101 =>  150501,  24, 000737
20 17:17, 040101 =>  180301,  16, 000540
20 17:46, 150101 =>  020501,  70, 000456
20 17:56, 150101 =>  021201,  25, 000558
20 18:03, 150101 =>  020101,  16, 000664
20 18:10, 130101 =>  160101,  17, 000869
20 18:22, 130101 =>  140101,  28, 000785
20 18:25, 150101 =>  120401,   7, 000071
20 18:29, 040101 =>  080901,  10, 000247
20 19:02, 150101 =>  090701,  81, 000520
20 19:30, 150101 =>  090101,  65, 000587
20 19:37, 150101 =>  100301,  17, 000644
20 19:45, 150101 =>  101001,  19, 000515
20 19:53, 150101 =>  090201,  20, 000271
20 20:02, 150101 =>  090701,  22, 000627
20 20:05, 040101 =>  050501,   7, 000685
20 20:18, 130101 =>  220101,  31, 000026
20 20:25, 130101 =>  200701,  16, 000557
20 20:39, 130101 =>  140101,  34, 000998
20 20:40, 040101 =>  210801,   3, 000858
20 20:42, 040101 =>  050801,   4, 000882
20 20:50, 150101 =>  150901,  21, 000359
20 20:56, 130101 =>  220801,  13, 000791
20 21:03, 150101 =>  150201,  18, 000292
20 21:05, 040101 =>  051101,   5, 000136
20 21:07, 040101 =>  030601,   3, 000883
20 21:14, 130101 =>  220601,  18, 000244
21 00:00, 040101 =>  210801,   2, 000483
21 00:02, 150101 =>  150201,   3, 000690
21 00:10, 130101 =>  220501,  19, 000843
21 00:20, 150101 =>  100501,  24, 000266
21 00:54, 150101 =>  101101,  83, 000308
21 01:25, 150101 =>  020801,  74, 000121
21 02:02, 150101 =>  021401,  90, 000121
21 02:30, 040101 =>  040601,  66, 000586
21 02:33, 130101 =>  160501,   7, 000752
21 02:46, 150101 =>  090201,  31, 000595
21 02:50, 150101 =>  020101,  10, 000296
21 02:50, 150101 =>  021401,   1, 000669
21 03:28, 130101 =>  220601,  90, 000218
21 03:40, 040101 =>  210501,  28, 000400
21 04:09, 150101 =>  150201,  70, 000803
21 04:31, 040101 =>  080701,  54, 000673
21 04:39, 040101 =>  080901,  19, 000274
21 05:15, 040101 =>  250401,  85, 000004
21 05:20, 150101 =>  020501,  13, 000271
21 05:35, 040101 =>  080201,  37, 000837
21 05:42, 040101 =>  211001,  15, 000709
21 05:50, 040101 =>  250201,  19, 000452
21 06:26, 150101 =>  101101,  87, 000142
21 07:00, 150101 =>  101001,  82, 000671
21 07:30, 150101 =>  021701,  73, 000524
21 07:51, 040101 =>  170301,  49, 000355
21 07:53, 130101 =>  160701,   6, 000103
21 08:22, 130101 =>  220801,  70, 000062
21 08:28, 040101 =>  030101,  14, 000892
21 08:59, 040101 =>  081201,  74, 000643
21 09:22, 150101 =>  070101,  54, 000813
21 09:34, 130101 =>  061201,  30, 000901
21 09:55, 150101 =>  120701,  50, 000789
21 10:03, 130101 =>  220701,  19, 000141
21 10:12, 040101 =>  050501,  22, 000674
21 10:36, 130101 =>  200601,  58, 000744
21 10:55, 150101 =>  100301,  46, 000752
21 11:33, 150101 =>  101101,  91, 000765
21 11:41, 040101 =>  210401,  18, 000698
21 12:04, 150101 =>  120901,  56, 000720
21 12:35, 130101 =>  010701,  75, 000317
21 12:45, 150101 =>  020101,  23, 000452
21 12:56, 150101 =>  110301,  26, 000323
21 13:37, 040101 =>  050401,  99, 000815
21 13:44, 130101 =>  130801,  16, 000729
21 14:09, 040101 =>  210401,  61, 000291
21 14:25, 130101 =>  200701,  39, 000996
21 14:58, 150101 =>  020701,  78, 000029
21 15:24, 150101 =>  100501,  62, 000246
21 15:48, 130101 =>  200401,  59, 000280
21 16:04, 130101 =>  220701,  38, 000158
21 16:15, 150101 =>  090401,  27, 000692
21 16:27, 130101 =>  130901,  29, 000617
21 16:32, 130101 =>  140301,  12, 000134
21 17:05, 040101 =>  030601,  79, 000763
21 17:08, 130101 =>  220701,   7, 000114
21 17:14, 040101 =>  081101,  14, 000537
21 17:22, 130101 =>  240201,  18, 000544
21 17:37, 040101 =>  050801,  38, 000430
21 17:49, 040101 =>  050401,  27, 000837
21 18:02, 040101 =>  210401,  31, 000039
21 18:42, 150101 =>  020201,  97, 000896
21 19:04, 150101 =>  101101,  53, 000225
21 19:08, 130101 =>  010301,   9, 000936
21 19:10, 040101 =>  210601,   6, 000825
21 19:44, 150101 =>  100801,  81, 000438
21 19:48, 130101 =>  060701,  10, 000289
21 19:53, 040101 =>  211301,  12, 000140
21 19:56, 040101 =>  080801,   6, 000662
21 20:10, 150101 =>  021501,  33, 000252
21 20:22, 150101 =>  021801,  30, 000884
21 20:34, 150101 =>  190201,  29, 000964
21 20:40, 150101 =>  110101,  13, 000674
21 20:50, 150101 =>  150201,  25, 000311
21 20:54, 040101 =>  030201,  10, 000164
21 21:00, 150101 =>  022001,  15, 000315
21 21:08, 040101 =>  230301,  19, 000275
21 21:11, 150101 =>  020401,   7, 000609
21 21:16, 150101 =>  090301,  12, 000453
21 21:19, 150101 =>  110301,   7, 000123
21 21:21, 150101 =>  021401,   5, 000408
21 21:22, 150101 =>  120601,   3, 000922
21 21:24, 130101 =>  131201,   4, 000604
21 21:26, 130101 =>  240301,   5, 000222
21 21:28, 150101 =>  120701,   4, 000064
21 21:30, 040101 =>  080801,   4, 000293
21 21:32, 150101 =>  090101,   5, 000066
21 21:36, 040101 =>  080101,  10, 000104
21 21:37, 150101 =>  110501,   3, 000608
21 21:39, 130101 =>  140101,   4, 000868
21 21:42, 040101 =>  040801,   8, 000340
21 21:43, 040101 =>  080101,   3, 000997
21 21:45, 040101 =>  170301,   4, 000036
21 21:46, 130101 =>  060301,   3, 000442
21 21:47, 130101 =>  131001,   2, 000502
22 00:05, 130101 =>  130701,  13, 000147
22 00:20, 130101 =>  060501,  37, 000148
22 00:48, 150101 =>  190301,  67, 000356
22 01:30, 040101 =>  230201,  99, 000257
22 01:55, 130101 =>  220401,  61, 000533
22 02:12, 130101 =>  140101,  41, 000949
22 02:42, 130101 =>  160201,  73, 000806
22 03:00, 150101 =>  150201,  41, 000691
22 03:33, 040101 =>  040301,  81, 000592
22 04:02, 040101 =>  030701,  69, 000680
22 04:07, 040101 =>  080201,  13, 000573
22 04:22, 130101 =>  220401,  35, 000964
22 04:37, 040101 =>  050801,  37, 000157
22 04:42, 150101 =>  150401,  10, 000800
22 04:53, 150101 =>  100301,  27, 000922
22 05:22, 040101 =>  040201,  71, 000469
22 05:40, 150101 =>  020601,  43, 000050
22 05:50, 040101 =>  210201,  24, 000093
22 05:52, 130101 =>  160201,   3, 000409
22 06:03, 150101 =>  021601,  28, 000538
22 06:12, 150101 =>  021301,  20, 000593
22 06:44, 040101 =>  050301,  77, 000167
22 07:19, 150101 =>  150701,  85, 000160
22 07:46, 150101 =>  100501,  64, 000694
22 08:20, 150101 =>  020801,  82, 000461
22 09:01, 150101 =>  120401,  98, 000363
22 09:42, 040101 =>  080501,  99, 000833
22 10:23, 040101 =>  081101,  99, 000437
22 10:27, 150101 =>  090401,   8, 000835
22 10:58, 150101 =>  020101,  76, 000741
22 11:33, 040101 =>  030201,  83, 000333
22 11:38, 040101 =>  080301,  13, 000528
22 11:49, 150101 =>  020601,  26, 000413
22 11:52, 130101 =>  130501,   6, 000321
22 12:09, 150101 =>  100701,  41, 000063
22 12:32, 040101 =>  080801,  57, 000166
22 12:50, 130101 =>  010701,  42, 000594
22 13:16, 150101 =>  110101,  63, 000076
22 13:26, 040101 =>  230201,  23, 000129
22 13:45, 130101 =>  130701,  46, 000376
22 13:47, 040101 =>  210401,   5, 000546
22 14:20, 150101 =>  100101,  80, 000514
22 14:57, 150101 =>  020701,  89, 000614
22 15:27, 150101 =>  100301,  72, 000551
22 16:06, 150101 =>  100901,  92, 000237
22 16:19, 040101 =>  250401,  31, 000742
22 16:22, 040101 =>  180301,   9, 000824
22 16:32, 150101 =>  020901,  24, 000912
22 17:09, 150101 =>  020301,  88, 000120
22 17:16, 150101 =>  020201,  17, 000456
22 17:49, 150101 =>  100801,  79, 000443
22 18:02, 150101 =>  020101,  31, 000097
22 18:30, 130101 =>  220601,  68, 000214
22 18:52, 150101 =>  110501,  51, 000630
22 19:03, 130101 =>  130401,  28, 000530
22 19:07, 130101 =>  200101,  10, 000083
22 19:12, 150101 =>  110101,  11, 000206
22 19:32, 130101 =>  130401,  48, 000367
22 19:47, 130101 =>  060901,  35, 000456
22 19:56, 150101 =>  090301,  22, 000737
22 20:02, 040101 =>  080701,  16, 000956
22 20:19, 150101 =>  150201,  39, 000604
22 20:25, 130101 =>  060701,  14, 000627
22 20:32, 130101 =>  060401,  18, 000492
22 20:34, 040101 =>  170101,   5, 000893
22 20:47, 150101 =>  090501,  31, 000078
22 20:50, 040101 =>  030201,   7, 000594
22 21:00, 150101 =>  190301,  23, 000767
22 21:02, 040101 =>  030301,   6, 000248
22 21:06, 150101 =>  090201,   9, 000462
22 21:13, 130101 =>  010701,  17, 000425
22 21:17, 040101 =>  050501,  10, 000803
22 21:19, 150101 =>  090701,   5, 000679
22 21:22, 040101 =>  180101,   7, 000136
22 21:23, 040101 =>  210201,   3, 000219
22 21:30, 150101 =>  090101,  15, 000194
22 21:33, 150101 =>  110301,   8, 000862
22 21:36, 130101 =>  220801,   7, 000823
22 21:37, 130101 =>  160201,   3, 000136
22 21:41, 150101 =>  020901,   9, 000958
22 21:42, 150101 =>  021201,   4, 000974
22 21:44, 150101 =>  021401,   4, 000008
22 21:45, 150101 =>  100801,   2, 000135
23 00:19, 040101 =>  080201,  46, 000370
23 00:42, 150101 =>  120101,  57, 000728
23 00:56, 040101 =>  050501,  32, 000432
23 01:27, 150101 =>  021401,  76, 000922
23 01:28, 040101 =>  080301,   1, 000725
23 01:30, 040101 =>  210801,   5, 000495
23 01:42, 150101 =>  150401,  29, 000132
23 02:12, 150101 =>  101101,  71, 000719
23 02:18, 130101 =>  140301,  16, 000501
23 02:37, 130101 =>  220801,  46, 000202
23 03:19, 040101 =>  211001,  99, 000549
23 03:42, 130101 =>  060901,  55, 000076
23 03:57, 130101 =>  060901,  38, 000659
23 04:26, 150101 =>  090401,  69, 000698
23 04:40, 040101 =>  080501,  33, 000313
23 04:48, 040101 =>  050801,  20, 000209
23 05:24, 150101 =>  070101,  86, 000337
23 05:49, 130101 =>  060601,  59, 000319
23 06:22, 150101 =>  100101,  81, 000469
23 07:00, 130101 =>  010301,  89, 000984
23 07:05, 130101 =>  131101,  12, 000020
23 07:35, 150101 =>  120701,  73, 000599
23 08:10, 150101 =>  020501,  84, 000853
23 08:34, 040101 =>  040201,  57, 000306
23 08:36, 150101 =>  120801,   5, 000444
23 08:46, 150101 =>  150301,  24, 000339
23 09:12, 040101 =>  030201,  64, 000309
23 09:54, 150101 =>  151001,  99, 000446
23 10:24, 150101 =>  190201,  72, 000825
23 10:27, 130101 =>  060201,   8, 000801
23 10:40, 040101 =>  250401,  32, 000705
23 11:06, 040101 =>  080401,  61, 000707
23 11:37, 040101 =>  050901,  76, 000736
23 12:03, 040101 =>  250201,  62, 000119
23 12:30, 150101 =>  100401,  65, 000733
23 12:37, 130101 =>  240301,  16, 000969
23 12:52, 150101 =>  021501,  36, 000218
23 13:05, 040101 =>  230201,  31, 000975
23 13:11, 130101 =>  131101,  15, 000685
23 13:40, 150101 =>  120501,  69, 000826
23 13:47, 150101 =>  150801,  18, 000588
23 13:59, 130101 =>  130701,  28, 000505
23 14:11, 130101 =>  061001,  28, 000777
23 14:49, 040101 =>  030201,  91, 000838
23 14:55, 150101 =>  090601,  16, 000399
23 15:11, 040101 =>  030401,  37, 000514
23 15:50, 150101 =>  090201,  93, 000477
23 16:01, 130101 =>  010201,  28, 000563
23 16:20, 130101 =>  061101,  44, 000790
23 16:24, 150101 =>  120401,  10, 000220
23 16:35, 150101 =>  020601,  27, 000392
23 16:36, 130101 =>  140101,   3, 000165
23 16:38, 130101 =>  220101,   4, 000904
23 16:42, 040101 =>  210301,  10, 000333
23 17:09, 150101 =>  100701,  65, 000865
23 17:12, 150101 =>  120701,   6, 000797
23 17:14, 150101 =>  021001,   6, 000992
23 17:32, 130101 =>  200201,  44, 000508
23 17:41, 040101 =>  210501,  21, 000564
23 17:56, 040101 =>  250301,  35, 000929
23 18:09, 130101 =>  130801,  31, 000555
23 18:18, 130101 =>  010201,  22, 000326
23 18:47, 150101 =>  150601,  70, 000875
23 19:14, 150101 =>  021501,  64, 000736
23 19:19, 130101 =>  130701,  13, 000070
23 19:46, 150101 =>  120701,  65, 000092
23 20:03, 150101 =>  120501,  40, 000729
23 20:09, 150101 =>  110401,  15, 000872
23 20:18, 040101 =>  080801,  21, 000843
23 20:29, 150101 =>  021001,  27, 000594
23 20:32, 150101 =>  020301,   7, 000997
23 20:42, 040101 =>  080401,  23, 000238
23 20:45, 150101 =>  101101,   7, 000222
23 20:51, 040101 =>  210801,  16, 000413
23 20:59, 040101 =>  080101,  19, 000640
23 21:01, 150101 =>  070101,   4, 000615
23 21:04, 040101 =>  211101,   7, 000672
23 21:09, 150101 =>  021501,  13, 000232
23 21:14, 150101 =>  021301,  12, 000839
23 21:19, 040101 =>  080201,  11, 000186
23 21:21, 150101 =>  101101,   6, 000607
23 21:24, 150101 =>  120501,   6, 000293
23 21:25, 150101 =>  021201,   4, 000535
23 21:30, 130101 =>  130601,  10, 000991
23 21:31, 040101 =>  250101,   4, 000179
23 21:33, 150101 =>  021301,   5, 000211
23 21:37, 040101 =>  030201,   9, 000723
23 21:40, 130101 =>  200601,   7, 000742
23 21:42, 040101 =>  080801,   4, 000231
23 21:42, 150101 =>  020801,   2, 000368
24 00:38, 150101 =>  150201,  96, 000576
24 00:43, 150101 =>  090301,  12, 000892
24 00:45, 150101 =>  021901,   6, 000527
24 00:58, 150101 =>  020701,  32, 000012
24 01:23, 130101 =>  130701,  62, 000985
24 01:28, 130101 =>  061301,  14, 000330
24 01:34, 150101 =>  110501,  13, 000552
24 01:44, 150101 =>  090401,  25, 000526
24 02:21, 040101 =>  080401,  94, 000016
24 02:28, 040101 =>  080701,  18, 000522
24 02:58, 150101 =>  021701,  74, 000581
24 03:10, 130101 =>  060101,  31, 000445
24 03:34, 150101 =>  022001,  59, 000954
24 03:36, 150101 =>  020801,   4, 000037
24 03:41, 130101 =>  010201,  13, 000891
24 03:52, 150101 =>  120401,  28, 000744
24 04:29, 040101 =>  210101,  92, 000487
24 04:39, 130101 =>  061201,  26, 000621
24 04:41, 150101 =>  110301,   5, 000427
24 04:58, 150101 =>  100201,  42, 000634
24 05:27, 130101 =>  200601,  73, 000133
24 05:36, 040101 =>  040601,  23, 000389
24 06:15, 040101 =>  210701,  96, 000430
24 06:28, 130101 =>  010101,  34, 000659
24 06:50, 130101 =>  140301,  54, 000672
24 06:56, 150101 =>  021101,  14, 000876
24 07:08, 040101 =>  080701,  31, 000751
24 07:19, 150101 =>  120401,  27, 000596
24 07:58, 150101 =>  100101,  99, 000130
24 08:35, 150101 =>  100701,  91, 000660
24 09:08, 040101 =>  081101,  84, 000545
24 09:21, 130101 =>  140201,  32, 000864
24 09:29, 040101 =>  080301,  19, 000776
24 09:54, 150101 =>  090101,  64, 000644
24 10:03, 130101 =>  200401,  21, 000492
24 10:30, 150101 =>  021101,  68, 000411
24 10:41, 130101 =>  200101,  28, 000796
24 10:45, 150101 =>  150501,   9, 000302
24 11:20, 150101 =>  150201,  87, 000248
24 11:24, 130101 =>  060801,  11, 000686
24 11:30, 040101 =>  230401,  16, 000810
24 11:57, 150101 =>  150501,  66, 000272
24 12:04, 150101 =>  021401,  17, 000281
24 12:04, 040101 =>  050401,   2, 000491
24 12:07, 040101 =>  210401,   6, 000963
24 12:24, 040101 =>  040301,  42, 000652
24 12:26, 150101 =>  190201,   6, 000896
24 12:31, 150101 =>  100401,  13, 000206
24 12:35, 040101 =>  211101,  10, 000445
24 13:08, 150101 =>  120701,  83, 000301
24 13:16, 040101 =>  081101,  19, 000543
24 13:39, 130101 =>  130301,  57, 000626
24 13:46, 150101 =>  100801,  18, 000950
24 14:09, 040101 =>  040701,  58, 000884
24 14:34, 150101 =>  090101,  62, 000654
24 14:51, 150101 =>  100601,  42, 000307
24 15:10, 130101 =>  060301,  49, 000353
24 15:35, 150101 =>  120901,  61, 000527
24 15:53, 150101 =>  100501,  45, 000517
24 16:10, 150101 =>  021001,  42, 000896
24 16:14, 040101 =>  180101,  11, 000267
24 16:16, 150101 =>  110501,   4, 000220
24 16:23, 130101 =>  160401,  18, 000436
24 16:34, 040101 =>  040801,  27, 000232
24 16:50, 150101 =>  100201,  40, 000911
24 16:53, 150101 =>  150201,   8, 000352
24 17:04, 130101 =>  160401,  27, 000438
24 17:26, 150101 =>  090601,  56, 000191
24 17:29, 130101 =>  220801,   8, 000542
24 17:43, 040101 =>  051101,  34, 000831
24 17:52, 150101 =>  020901,  23, 000241
24 18:08, 150101 =>  090301,  41, 000587
24 18:17, 130101 =>  131001,  21, 000855
24 18:27, 150101 =>  120501,  25, 000615
24 19:00, 040101 =>  080801,  83, 000062
24 19:18, 040101 =>  211101,  45, 000511
24 19:20, 130101 =>  130401,   4, 000947
24 19:24, 150101 =>  070101,  11, 000321
24 19:26, 150101 =>  020901,   6, 000846
24 19:44, 040101 =>  040501,  44, 000479
24 19:48, 150101 =>  190101,  10, 000583
24 19:50, 150101 =>  150301,   6, 000485
24 20:03, 040101 =>  211301,  31, 000271
24 20:07, 130101 =>  160501,  10, 000015
24 20:13, 130101 =>  160401,  15, 000448
24 20:19, 150101 =>  151001,  15, 000109
24 20:20, 130101 =>  200201,   4, 000255
24 20:24, 130101 =>  220801,   9, 000773
24 20:27, 130101 =>  240101,   7, 000432
24 20:32, 150101 =>  090701,  13, 000765
24 20:36, 150101 =>  120201,   9, 000896
24 20:44, 040101 =>  230401,  22, 000913
24 20:51, 040101 =>  080301,  17, 000789
24 20:53, 150101 =>  021001,   5, 000827
24 20:55, 150101 =>  100401,   4, 000703
24 20:56, 150101 =>  120201,   4, 000696
24 20:58, 040101 =>  030301,   3, 000617
24 20:59, 150101 =>  150201,   3, 000488
24 21:00, 130101 =>  060401,   3, 000539
24 21:02, 150101 =>  190301,   4, 000561
24 21:02, 150101 =>  100301,   1, 000358
24 21:03, 130101 =>  140201,   3, 000151
24 21:05, 040101 =>  030101,   4, 000444
25 00:34, 150101 =>  120201,  87, 000517
25 00:58, 130101 =>  221001,  59, 000120
25 01:34, 040101 =>  210401,  91, 000691
25 01:54, 040101 =>  210101,  48, 000421
25 02:04, 150101 =>  100201,  27, 000737
25 02:42, 040101 =>  210601,  93, 000655
25 03:07, 150101 =>  100601,  64, 000184
25 03:26, 150101 =>  110101,  46, 000952
25 03:30, 130101 =>  160501,  11, 000684
25 03:53, 150101 =>  021701,  58, 000779
25 04:18, 130101 =>  010601,  63, 000587
25 04:36, 040101 =>  040501,  45, 000423
25 04:41, 150101 =>  101101,  11, 000323
25 05:04, 150101 =>  070101,  59, 000391
25 05:14, 040101 =>  211001,  24, 000239
25 05:22, 040101 =>  081301,  20, 000509
25 05:32, 040101 =>  050801,  24, 000933
25 05:51, 150101 =>  110101,  49, 000818
25 06:12, 040101 =>  040301,  52, 000686
25 06:38, 040101 =>  050401,  64, 000678
25 06:56, 040101 =>  210901,  47, 000503
25 07:34, 150101 =>  021801,  93, 000282
25 08:09, 130101 =>  220301,  88, 000470
25 08:09, 150101 =>  100801,   1, 000649
25 08:30, 150101 =>  150701,  52, 000728
25 08:40, 040101 =>  080701,  26, 000963
25 09:14, 150101 =>  021101,  85, 000059
25 09:17, 150101 =>  090401,   6, 000209
25 09:32, 150101 =>  020701,  38, 000781
25 10:10, 150101 =>  090301,  96, 000360
25 10:12, 040101 =>  180101,   5, 000353
25 10:22, 150101 =>  021801,  24, 000373
25 10:40, 040101 =>  250201,  46, 000220
25 10:41, 150101 =>  150601,   1, 000294
25 11:08, 040101 =>  080401,  67, 000294
25 11:34, 150101 =>  150401,  66, 000005
25 11:56, 150101 =>  101001,  54, 000010
25 12:11, 130101 =>  130301,  38, 000349
25 12:21, 150101 =>  120501,  25, 000641
25 12:25, 130101 =>  060301,  11, 000439
25 12:39, 130101 =>  220801,  34, 000185
25 12:55, 040101 =>  250101,  40, 000675
25 13:02, 040101 =>  081301,  17, 000400
25 13:21, 150101 =>  020701,  48, 000377
25 13:50, 040101 =>  050301,  72, 000036
25 13:59, 040101 =>  030201,  24, 000822
25 14:20, 150101 =>  120101,  51, 000378
25 14:26, 130101 =>  160701,  15, 000456
25 14:45, 150101 =>  151001,  48, 000562
25 14:46, 150101 =>  090601,   3, 000614
25 15:04, 040101 =>  080201,  45, 000511
25 15:09, 040101 =>  040201,  12, 000384
25 15:16, 040101 =>  050701,  17, 000542
25 15:41, 150101 =>  070101,  63, 000649
25 15:48, 150101 =>  110201,  19, 000559
25 16:14, 150101 =>  090301,  64, 000612
25 16:24, 040101 =>  230301,  26, 000809
25 16:56, 130101 =>  131101,  79, 000278
25 17:09, 150101 =>  101001,  33, 000653
25 17:15, 040101 =>  080701,  14, 000051
25 17:40, 130101 =>  220701,  64, 000775
25 18:08, 150101 =>  020801,  70, 000559
25 18:13, 040101 =>  050201,  11, 000801
25 18:16, 130101 =>  160501,   9, 000232
25 18:42, 150101 =>  190101,  64, 000550
25 18:47, 150101 =>  120101,  13, 000703
25 18:50, 040101 =>  050901,   8, 000144
25 18:54, 150101 =>  021501,  10, 000921
25 19:12, 150101 =>  090101,  44, 000651
25 19:14, 150101 =>  020601,   4, 000790
25 19:20, 150101 =>  070101,  16, 000841
25 19:23, 150101 =>  120701,   8, 000473
25 19:25, 040101 =>  050601,   4, 000046
25 19:30, 150101 =>  100801,  13, 000332
25 19:37, 150101 =>  020801,  18, 000780
25 19:42, 150101 =>  120101,  13, 000710
25 19:50, 150101 =>  090701,  18, 000587
25 19:52, 150101 =>  110201,   5, 000167
25 19:53, 040101 =>  170101,   4, 000800
25 19:55, 040101 =>  250201,   5, 000163
25 19:56, 040101 =>  180101,   3, 000173
25 19:58, 040101 =>  210201,   3, 000992
26 00:21, 130101 =>  010401,  54, 000026
26 00:57, 040101 =>  170201,  90, 000259
26 01:07, 150101 =>  021201,  24, 000522
26 01:07, 150101 =>  100201,   1, 000410
26 01:22, 040101 =>  250301,  38, 000700
26 01:44, 150101 =>  021501,  54, 000315
26 02:06, 150101 =>  120301,  56, 000587
26 02:39, 150101 =>  150501,  81, 000145
26 03:12, 040101 =>  230301,  82, 000662
26 03:14, 130101 =>  130901,   6, 000715
26 03:27, 150101 =>  110201,  32, 000240
26 03:33, 150101 =>  090701,  16, 000414
26 03:46, 150101 =>  120201,  31, 000317
26 04:20, 040101 =>  050801,  86, 000345
26 04:38, 040101 =>  080401,  46, 000795
26 04:52, 040101 =>  080701,  34, 000149
26 05:13, 040101 =>  080101,  52, 000388
26 05:30, 040101 =>  051101,  43, 000882
26 05:34, 150101 =>  090301,   9, 000175
26 05:58, 150101 =>  120401,  62, 000189
26 06:26, 150101 =>  090701,  68, 000991
26 06:38, 150101 =>  090601,  30, 000657
26 06:58, 150101 =>  090101,  51, 000227
26 07:15, 040101 =>  230401,  43, 000977
26 07:28, 040101 =>  210301,  33, 000381
26 07:38, 130101 =>  160101,  25, 000335
26 08:06, 150101 =>  021101,  68, 000627
26 08:31, 130101 =>  160401,  64, 000979
26 09:11, 040101 =>  040201, 100, 000450
26 09:37, 150101 =>  020501,  64, 000387
26 10:11, 150101 =>  120401,  85, 000043
26 10:24, 150101 =>  150201,  32, 000490
26 10:58, 130101 =>  220101,  86, 000784
26 11:27, 040101 =>  250201,  73, 000277
26 11:47, 040101 =>  250201,  49, 000723
26 12:24, 150101 =>  020201,  93, 000527
26 12:39, 130101 =>  060501,  38, 000976
26 13:08, 150101 =>  020301,  73, 000535
26 13:09, 150101 =>  190301,   2, 000189
26 13:30, 040101 =>  051001,  53, 000747
26 14:04, 150101 =>  090401,  85, 000971
26 14:12, 040101 =>  050401,  20, 000276
26 14:51, 150101 =>  120601,  97, 000382
26 15:06, 040101 =>  210401,  36, 000491
26 15:36, 130101 =>  200401,  77, 000819
26 15:43, 150101 =>  090401,  16, 000379
26 15:51, 040101 =>  030301,  21, 000093
26 15:56, 150101 =>  100401,  13, 000614
26 16:01, 040101 =>  030601,  11, 000331
26 16:26, 130101 =>  060901,  64, 000327
26 16:41, 150101 =>  100201,  36, 000383
26 16:56, 130101 =>  061301,  38, 000350
26 17:01, 040101 =>  210601,  12, 000811
26 17:02, 040101 =>  080901,   4, 000299
26 17:41, 150101 =>  110501,  97, 000307
26 17:49, 130101 =>  010701,  20, 000190
26 17:50, 040101 =>  180301,   3, 000142
26 18:06, 130101 =>  240101,  38, 000516
26 18:34, 150101 =>  150201,  70, 000211
26 18:36, 040101 =>  211101,   5, 000196
26 18:46, 150101 =>  150901,  26, 000766
26 18:55, 130101 =>  010101,  22, 000759
26 19:18, 150101 =>  120401,  59, 000818
26 19:20, 040101 =>  250401,   4, 000486
26 19:23, 040101 =>  080801,   8, 000910
26 19:26, 150101 =>  020201,   6, 000755
26 19:28, 040101 =>  030401,   5, 000286
26 19:38, 150101 =>  110301,  25, 000477
26 19:39, 040101 =>  030101,   4, 000171
26 19:40, 040101 =>  050401,   3, 000683
26 19:46, 150101 =>  150301,  13, 000645
26 19:57, 150101 =>  020901,  28, 000128
26 20:08, 130101 =>  131001,  29, 000508
26 20:09, 040101 =>  211001,   2, 000843
26 20:18, 150101 =>  120801,  21, 000875
26 20:27, 130101 =>  240101,  24, 000005
26 20:34, 130101 =>  160301,  16, 000997
26 20:39, 150101 =>  150901,  14, 000797
26 20:44, 150101 =>  110501,  13, 000631
26 20:48, 130101 =>  220201,   8, 000238
26 20:52, 150101 =>  110101,  10, 000197
26 20:55, 150101 =>  100801,   9, 000760
26 20:56, 130101 =>  220401,   3, 000315
27 00:38, 130101 =>  160501,  96, 000946
27 01:16, 130101 =>  220901,  95, 000955
27 01:43, 150101 =>  110501,  68, 000989
27 01:53, 150101 =>  021601,  24, 000121
27 02:25, 150101 =>  190201,  80, 000664
27 03:02, 130101 =>  220401,  93, 000075
27 03:39, 150101 =>  150701,  92, 000694
27 03:44, 150101 =>  090401,  12, 000796
27 03:47, 150101 =>  150701,   8, 000587
27 04:02, 130101 =>  130501,  39, 000866
27 04:12, 130101 =>  160101,  25, 000742
27 04:49, 040101 =>  040501,  92, 000947
27 05:01, 150101 =>  021001,  29, 000839
27 05:31, 150101 =>  020801,  75, 000024
27 05:48, 130101 =>  060601,  43, 000180
27 06:15, 150101 =>  110101,  68, 000640
27 06:16, 150101 =>  021601,   3, 000016
27 06:41, 040101 =>  080301,  62, 000167
27 07:07, 040101 =>  230301,  64, 000549
27 07:10, 150101 =>  020601,   8, 000209
27 07:32, 040101 =>  250301,  54, 000814
27 08:03, 150101 =>  090101,  78, 000331
27 08:26, 130101 =>  010301,  58, 000646
27 08:42, 150101 =>  020201,  39, 000408
27 09:20, 150101 =>  100501,  96, 000290
27 09:38, 150101 =>  090401,  45, 000496
27 10:00, 130101 =>  240301,  56, 000812
27 10:11, 130101 =>  200501,  27, 000853
27 10:42, 040101 =>  180101,  76, 000068
27 11:18, 150101 =>  090201,  92, 000013
27 11:41, 150101 =>  021601,  56, 000522
27 12:06, 040101 =>  080301,  64, 000347
27 12:25, 040101 =>  040401,  46, 000094
27 12:54, 150101 =>  190201,  73, 000343
27 13:11, 150101 =>  020601,  43, 000221
27 13:13, 150101 =>  120701,   5, 000787
27 13:44, 150101 =>  190301,  77, 000249
27 14:10, 150101 =>  120901,  64, 000844
27 14:22, 130101 =>  160301,  31, 000722
27 14:30, 040101 =>  050101,  20, 000359
27 15:03, 150101 =>  100201,  82, 000043
27 15:30, 150101 =>  150901,  69, 000385
27 16:07, 150101 =>  021201,  92, 000574
27 16:14, 130101 =>  220201,  16, 000080
27 16:35, 040101 =>  230101,  54, 000288
27 16:55, 150101 =>  100701,  50, 000624
27 17:07, 150101 =>  150301,  30, 000254
27 17:21, 150101 =>  020401,  34, 000336
27 17:22, 130101 =>  160601,   4, 000382
27 17:40, 040101 =>  210501,  45, 000232
27 17:44, 130101 =>  200601,   9, 000162
27 17:49, 150101 =>  120301,  13, 000106
27 17:52, 040101 =>  051001,   6, 000928
27 17:57, 130101 =>  200701,  14, 000763
27 18:02, 130101 =>  140101,  11, 000120
27 18:03, 150101 =>  120701,   4, 000888
27 18:09, 150101 =>  021201,  15, 000539
27 18:12, 130101 =>  220701,   7, 000432
27 18:14, 150101 =>  100301,   4, 000817
27 18:20, 150101 =>  090301,  17, 000656
27 18:37, 040101 =>  050701,  41, 000351
27 18:38, 130101 =>  200201,   3, 000216
27 18:46, 150101 =>  120501,  19, 000799
27 18:48, 130101 =>  220901,   7, 000029
27 18:52, 150101 =>  021201,   8, 000682
27 18:54, 150101 =>  021201,   6, 000151
27 18:57, 150101 =>  110101,   8, 000860
27 18:59, 130101 =>  220401,   5, 000423
27 19:01, 150101 =>  100301,   4, 000324
27 19:02, 130101 =>  160301,   4, 000872
27 19:05, 150101 =>  190301,   7, 000693
27 19:06, 130101 =>  220901,   1, 000267
27 19:08, 150101 =>  100501,   6, 000291
27 19:10, 150101 =>  190301,   4, 000610
27 19:26, 040101 =>  250401,  41, 000014
27 19:28, 150101 =>  110401,   5, 000112
27 20:04, 040101 =>  040501,  90, 000322
27 20:04, 150101 =>  151001,   1, 000565
27 20:21, 040101 =>  030601,  42, 000597
28 00:07, 150101 =>  101001,  18, 000783
28 00:40, 150101 =>  120301,  84, 000813
28 01:00, 130101 =>  130601,  50, 000685
28 01:40, 040101 =>  050101, 100, 000687
28 02:08, 150101 =>  150401,  69, 000827
28 02:45, 150101 =>  020501,  93, 000756
28 03:00, 150101 =>  021301,  36, 000793
28 03:19, 150101 =>  120401,  49, 000564
28 03:44, 040101 =>  080101,  62, 000963
28 03:46, 130101 =>  240301,   6, 000804
28 03:52, 150101 =>  022001,  13, 000103
28 03:56, 040101 =>  230101,  12, 000991
28 04:32, 130101 =>  130801,  90, 000368
28 04:46, 040101 =>  040301,  35, 000546
28 05:19, 040101 =>  170301,  81, 000564
28 05:28, 150101 =>  021001,  22, 000449
28 05:38, 130101 =>  221001,  27, 000475
28 06:18, 040101 =>  040301, 100, 000560
28 06:20, 150101 =>  020801,   5, 000654
28 06:26, 040101 =>  050601,  14, 000544
28 06:56, 040101 =>  040701,  74, 000756
28 07:16, 150101 =>  090101,  50, 000243
28 07:17, 040101 =>  210201,   4, 000812
28 07:30, 040101 =>  081001,  33, 000330
28 08:02, 040101 =>  210201,  80, 000881
28 08:06, 040101 =>  030501,  10, 000568
28 08:46, 150101 =>  120401,  99, 000225
28 09:06, 040101 =>  030501,  50, 000737
28 09:07, 150101 =>  020301,   3, 000886
28 09:43, 150101 =>  110401,  90, 000893
28 10:22, 130101 =>  060201,  98, 000588
28 10:31, 040101 =>  211001,  21, 000522
28 10:45, 040101 =>  170201,  36, 000373
28 11:22, 150101 =>  120801,  92, 000960
28 11:46, 150101 =>  110401,  59, 000826
28 12:04, 040101 =>  080901,  45, 000497
28 12:06, 130101 =>  140301,   6, 000561
28 12:44, 150101 =>  120201,  96, 000545
28 13:24, 130101 =>  160601, 100, 000803
28 13:50, 040101 =>  050301,  65, 000223
28 14:21, 130101 =>  140201,  77, 000012
28 14:36, 150101 =>  020801,  37, 000827
28 15:06, 150101 =>  110401,  74, 000529
28 15:09, 040101 =>  081301,   9, 000067
28 15:12, 130101 =>  131001,   7, 000039
28 15:27, 040101 =>  210401,  37, 000629
28 15:34, 130101 =>  160601,  18, 000700
28 15:38, 130101 =>  200601,   9, 000701
28 15:54, 150101 =>  020601,  41, 000616
28 16:10, 130101 =>  220501,  41, 000632
28 16:20, 130101 =>  220201,  25, 000211
28 16:21, 150101 =>  021201,   2, 000449
28 16:26, 040101 =>  250201,  11, 000705
28 16:27, 040101 =>  050501,   3, 000353
28 16:38, 040101 =>  040601,  27, 000134
28 16:40, 130101 =>  130201,   6, 000981
28 17:09, 150101 =>  150601,  73, 000799
28 17:10, 040101 =>  210701,   3, 000688
28 17:16, 150101 =>  090601,  13, 000542
28 17:48, 150101 =>  190201,  80, 000990
28 18:27, 150101 =>  020201,  98, 000714
28 18:28, 130101 =>  160301,   4, 000629
28 18:43, 150101 =>  070101,  36, 000502
28 18:47, 040101 =>  210501,  10, 000682
28 19:22, 150101 =>  020301,  89, 000521
28 19:26, 040101 =>  211001,   9, 000717
28 19:28, 130101 =>  010201,   5, 000578
28 19:37, 130101 =>  131201,  22, 000899
28 19:40, 150101 =>  150601,   9, 000866
28 19:42, 040101 =>  210801,   5, 000076
28 19:44, 130101 =>  200301,   3, 000060
28 19:45, 130101 =>  200201,   4, 000562
28 20:02, 150101 =>  150201,  41, 000058
28 20:04, 130101 =>  160301,   5, 000874
28 20:06, 150101 =>  120901,   6, 000277
28 20:22, 150101 =>  100601,  40, 000490
28 20:28, 150101 =>  150601,  14, 000800
28 20:29, 150101 =>  151001,   4, 000837
28 20:34, 040101 =>  250401,  12, 000617
28 20:36, 130101 =>  010601,   4, 000325
28 20:45, 150101 =>  110101,  24, 000239
28 20:49, 040101 =>  050401,   9, 000811
28 20:51, 040101 =>  040201,   6, 000837
28 20:57, 150101 =>  100801,  15, 000276
28 21:02, 150101 =>  120301,  12, 000277
28 21:04, 150101 =>  151001,   6, 000376
28 21:06, 150101 =>  020201,   5, 000598
28 21:08, 130101 =>  060201,   4, 000934
28 21:09, 040101 =>  080801,   3, 000119
28 21:12, 150101 =>  110201,   6, 000929
28 21:17, 130101 =>  060801,  13, 000827
28 21:18, 040101 =>  030301,   4, 000396
