01 00:39, 040101 =>  080601,  37, 000123
01 01:53, 150101 =>  101001,  69, 000757
01 03:02, 040101 =>  250101,  65, 000173
01 03:53, 150101 =>  090701,  48, 000386
01 04:27, 150101 =>  090201,  32, 000280
01 05:36, 130101 =>  060501,  64, 000137
01 06:32, 040101 =>  170301,  53, 000297
01 06:50, 150101 =>  110301,  17, 000801
01 07:20, 040101 =>  050501,  28, 000209
01 08:06, 040101 =>  040701,  43, 000655
01 09:16, 150101 =>  090101,  66, 000624
01 09:44, 150101 =>  021101,  26, 000440
01 11:06, 150101 =>  110301,  77, 000115
01 11:20, 150101 =>  120301,  13, 000474
01 12:30, 150101 =>  150701,  66, 000752
01 12:54, 040101 =>  030601,  22, 000382
01 13:32, 150101 =>  190101,  36, 000336
01 13:48, 040101 =>  080201,  15, 000566
01 14:11, 150101 =>  090301,  21, 000369
01 14:41, 040101 =>  051101,  28, 000227
01 14:54, 130101 =>  160401,  13, 000562
01 15:04, 040101 =>  080201,   9, 000972
01 15:12, 150101 =>  021201,   7, 000600
01 15:24, 130101 =>  010701,  12, 000100
01 15:49, 130101 =>  220601,  23, 000656
01 16:12, 150101 =>  120401,  22, 000377
01 16:26, 130101 =>  060901,  13, 000948
01 16:35, 040101 =>  211101,   8, 000560
01 16:57, 150101 =>  100701,  21, 000520
01 17:14, 040101 =>  080301,  16, 000427
01 17:24, 040101 =>  050401,   9, 000256
01 17:33, 150101 =>  120601,   9, 000183
01 17:45, 040101 =>  050201,  11, 000321
01 18:00, 130101 =>  140101,  14, 000427
01 18:15, 150101 =>  110101,  14, 000306
01 18:21, 150101 =>  090401,   6, 000514
01 18:32, 150101 =>  100701,  10, 000349
01 18:46, 150101 =>  150201,  13, 000921
01 19:01, 150101 =>  070101,  14, 000690
01 19:06, 150101 =>  021501,   5, 000798
01 19:16, 150101 =>  150701,   9, 000157
01 19:39, 130101 =>  131201,  22, 000115
01 19:46, 040101 =>  211301,   6, 000167
01 20:02, 130101 =>  060601,  15, 000563
01 20:06, 150101 =>  150301,   4, 000626
01 20:09, 150101 =>  150901,   3, 000830
01 20:12, 150101 =>  110101,   3, 000263
01 20:33, 130101 =>  130901,  19, 000378
01 20:38, 040101 =>  230401,   5, 000506
02 00:54, 040101 =>  210901,  51, 000317
02 02:28, 150101 =>  021901,  88, 000957
02 03:33, 130101 =>  060301,  61, 000828
02 03:46, 150101 =>  090201,  12, 000454
02 04:18, 040101 =>  080601,  30, 000811
02 04:41, 130101 =>  010101,  22, 000837
02 04:54, 150101 =>  090101,  12, 000336
02 05:22, 150101 =>  022001,  26, 000236
02 05:56, 150101 =>  120201,  32, 000912
02 06:13, 150101 =>  021701,  16, 000908
02 07:18, 040101 =>  080901,  61, 000755
02 07:52, 040101 =>  250401,  32, 000195
02 09:06, 150101 =>  120801,  69, 000936
02 09:41, 130101 =>  240201,  33, 000914
02 11:04, 150101 =>  100401,  78, 000345
02 12:08, 150101 =>  110201,  60, 000866
02 12:23, 040101 =>  211101,  14, 000486
02 13:32, 150101 =>  021701,  65, 000300
02 13:38, 130101 =>  131001,   5, 000896
02 14:05, 040101 =>  211001,  26, 000042
02 14:36, 150101 =>  120201,  29, 000556
02 15:02, 040101 =>  080801,  24, 000243
02 15:45, 130101 =>  200701,  40, 000088
02 16:05, 150101 =>  150201,  19, 000028
02 16:11, 150101 =>  020901,   6, 000218
02 16:29, 130101 =>  220601,  17, 000536
02 17:04, 150101 =>  150601,  32, 000878
02 17:27, 150101 =>  120601,  22, 000499
02 17:44, 040101 =>  210101,  16, 000037
02 17:50, 150101 =>  120201,   6, 000627
02 18:04, 150101 =>  090501,  13, 000787
02 18:17, 150101 =>  150501,  12, 000925
02 18:41, 130101 =>  061101,  22, 000167
02 18:59, 040101 =>  050601,  17, 000562
02 19:08, 130101 =>  060801,   9, 000813
02 19:21, 130101 =>  010401,  12, 000184
02 19:51, 040101 =>  081201,  28, 000429
02 19:55, 150101 =>  020601,   4, 000931
02 20:00, 040101 =>  081101,   4, 000179
02 20:19, 040101 =>  230301,  18, 000630
02 20:23, 130101 =>  200501,   4, 000851
02 20:30, 150101 =>  100201,   7, 000388
02 20:37, 130101 =>  200301,   6, 000550
02 20:53, 040101 =>  050501,  15, 000496
02 21:00, 040101 =>  040401,   7, 000152
02 21:05, 150101 =>  100601,   4, 000724
02 21:08, 150101 =>  100201,   3, 000123
03 00:22, 150101 =>  100401,  21, 000588
03 00:49, 040101 =>  030501,  26, 000593
03 01:12, 150101 =>  150201,  22, 000613
03 02:23, 040101 =>  030201,  68, 000689
03 03:04, 040101 =>  080901,  39, 000273
03 03:20, 150101 =>  090301,  15, 000952
03 04:16, 150101 =>  070101,  53, 000977
03 05:11, 040101 =>  050901,  53, 000888
03 06:15, 150101 =>  021601,  61, 000026
03 06:42, 040101 =>  170101,  25, 000402
03 07:09, 150101 =>  150301,  26, 000812
03 07:30, 150101 =>  100401,  20, 000125
03 08:19, 040101 =>  230201,  47, 000020
03 08:34, 150101 =>  150201,  14, 000356
03 08:45, 040101 =>  210301,  10, 000905
03 09:18, 130101 =>  220601,  32, 000829
03 10:20, 150101 =>  100101,  59, 000087
03 10:28, 150101 =>  110101,   8, 000039
03 11:01, 040101 =>  080401,  31, 000069
03 12:21, 150101 =>  110501,  76, 000905
03 12:45, 040101 =>  050601,  23, 000207
03 12:50, 150101 =>  021201,   5, 000063
03 12:55, 040101 =>  180101,   5, 000521
03 13:37, 130101 =>  140201,  40, 000839
03 14:09, 150101 =>  021701,  30, 000456
03 14:13, 150101 =>  101101,   4, 000845
03 14:28, 040101 =>  030401,  14, 000075
03 14:48, 150101 =>  120601,  19, 000714
03 15:36, 150101 =>  090501,  46, 000147
03 16:04, 150101 =>  110201,  27, 000146
03 16:37, 130101 =>  221001,  31, 000401
03 17:00, 150101 =>  100701,  22, 000020
03 17:30, 150101 =>  020701,  28, 000711
03 17:46, 150101 =>  021101,  16, 000160
03 17:49, 040101 =>  040701,   3, 000442
03 18:03, 150101 =>  021201,  13, 000373
03 18:09, 040101 =>  250201,   6, 000934
03 18:23, 150101 =>  021301,  13, 000389
03 18:27, 150101 =>  020901,   4, 000727
03 18:33, 150101 =>  021501,   5, 000352
03 18:45, 130101 =>  130301,  12, 000327
03 18:51, 150101 =>  090101,   6, 000387
03 18:57, 150101 =>  150301,   5, 000806
03 19:04, 040101 =>  250301,   7, 000021
03 19:09, 040101 =>  250301,   5, 000312
03 19:37, 130101 =>  130801,  26, 000124
03 19:40, 150101 =>  021401,   3, 000442
03 19:44, 040101 =>  030701,   4, 000557
03 19:47, 040101 =>  081101,   3, 000069
03 19:50, 040101 =>  230301,   3, 000198
04 00:50, 130101 =>  140201,  48, 000361
04 01:22, 040101 =>  180301,  31, 000473
04 01:39, 150101 =>  150501,  16, 000010
04 02:43, 150101 =>  020101,  61, 000987
04 02:54, 130101 =>  060401,  10, 000125
04 03:49, 150101 =>  020901,  53, 000108
04 05:13, 150101 =>  190101,  80, 000086
04 06:55, 040101 =>  210701,  97, 000195
04 08:01, 150101 =>  021601,  63, 000652
04 08:53, 150101 =>  110301,  49, 000024
04 09:20, 150101 =>  100701,  26, 000170
04 10:22, 150101 =>  110401,  59, 000426
04 11:04, 040101 =>  080201,  40, 000770
04 11:37, 130101 =>  060401,  31, 000363
04 12:47, 150101 =>  020701,  67, 000874
04 13:24, 040101 =>  080401,  35, 000791
04 14:18, 040101 =>  050601,  52, 000824
04 15:09, 130101 =>  240201,  48, 000733
04 15:31, 130101 =>  160401,  21, 000538
04 15:48, 130101 =>  060401,  16, 000844
04 16:09, 150101 =>  100901,  20, 000777
04 16:15, 130101 =>  130901,   6, 000431
04 16:19, 150101 =>  100301,   4, 000624
04 16:43, 040101 =>  210201,  23, 000239
04 16:56, 150101 =>  100301,  12, 000506
04 17:03, 150101 =>  110301,   7, 000212
04 17:15, 150101 =>  090501,  11, 000359
04 17:27, 040101 =>  050601,  12, 000666
04 17:36, 150101 =>  120401,   8, 000064
04 17:47, 150101 =>  090601,  11, 000548
04 18:09, 150101 =>  021901,  21, 000148
04 18:20, 130101 =>  160601,  10, 000876
04 18:39, 150101 =>  021001,  18, 000564
04 18:56, 130101 =>  060201,  16, 000750
04 19:22, 040101 =>  080801,  25, 000790
04 19:38, 040101 =>  211201,  15, 000275
04 19:44, 150101 =>  020501,   6, 000746
04 19:50, 040101 =>  230301,   6, 000828
04 20:00, 150101 =>  150701,   9, 000302
04 20:07, 150101 =>  150501,   7, 000718
04 20:13, 150101 =>  110201,   6, 000059
04 20:19, 150101 =>  110201,   5, 000902
04 20:22, 150101 =>  100201,   3, 000664
04 20:31, 130101 =>  060301,   9, 000381
04 20:41, 040101 =>  080401,   9, 000779
04 20:43, 150101 =>  120901,   2, 000323
04 20:51, 040101 =>  250201,   8, 000453
05 01:02, 150101 =>  020501,  60, 000264
05 01:49, 150101 =>  100301,  46, 000212
05 01:53, 130101 =>  140201,   4, 000981
05 01:59, 040101 =>  210901,   6, 000407
05 02:35, 150101 =>  120301,  34, 000055
05 03:21, 150101 =>  190301,  45, 000884
05 04:35, 040101 =>  040201,  72, 000993
05 04:43, 150101 =>  120401,   7, 000394
05 04:47, 130101 =>  160701,   4, 000048
05 05:02, 040101 =>  081201,  15, 000055
05 05:08, 040101 =>  040501,   6, 000401
05 05:16, 150101 =>  100201,   7, 000773
05 05:56, 150101 =>  120301,  39, 000665
05 07:05, 150101 =>  100701,  67, 000846
05 08:08, 040101 =>  051001,  61, 000923
05 08:17, 040101 =>  050801,   8, 000274
05 08:48, 130101 =>  200401,  30, 000142
05 09:31, 150101 =>  021301,  42, 000711
05 09:44, 150101 =>  090301,  13, 000234
05 10:22, 040101 =>  080701,  36, 000825
05 11:30, 150101 =>  100201,  66, 000630
05 12:03, 130101 =>  060501,  32, 000404
05 12:55, 150101 =>  100601,  50, 000671
05 13:41, 040101 =>  080301,  45, 000705
05 14:37, 130101 =>  060501,  54, 000469
05 14:50, 150101 =>  120301,  13, 000682
05 15:06, 150101 =>  120701,  15, 000046
05 15:44, 040101 =>  180101,  37, 000154
05 16:15, 130101 =>  240101,  30, 000940
05 16:28, 150101 =>  120601,  13, 000431
05 16:49, 040101 =>  170301,  20, 000228
05 17:12, 150101 =>  120801,  22, 000606
05 17:29, 040101 =>  180301,  17, 000548
05 17:44, 150101 =>  020301,  14, 000128
05 18:06, 150101 =>  100201,  21, 000392
05 18:09, 130101 =>  061001,   3, 000010
05 18:21, 150101 =>  110201,  12, 000700
05 18:32, 150101 =>  020401,  11, 000531
05 19:03, 130101 =>  140101,  30, 000221
05 19:08, 150101 =>  100901,   4, 000583
05 19:19, 150101 =>  021501,  11, 000528
05 19:28, 150101 =>  120401,   9, 000824
05 19:36, 040101 =>  030601,   8, 000517
05 19:41, 150101 =>  022001,   4, 000110
05 19:46, 150101 =>  101101,   5, 000002
05 19:49, 150101 =>  021401,   3, 000997
06 00:26, 130101 =>  140301,  26, 000995
06 00:43, 040101 =>  211301,  16, 000544
06 01:43, 150101 =>  090501,  58, 000185
06 01:47, 130101 =>  061101,   4, 000072
06 02:37, 150101 =>  150201,  48, 000338
06 03:52, 040101 =>  040601,  73, 000479
06 04:46, 040101 =>  080101,  52, 000114
06 05:03, 040101 =>  211001,  17, 000396
06 05:38, 130101 =>  220301,  34, 000079
06 06:26, 150101 =>  100701,  46, 000857
06 07:23, 150101 =>  120401,  55, 000307
06 08:22, 150101 =>  150401,  57, 000241
06 08:26, 130101 =>  200601,   4, 000472
06 08:42, 130101 =>  061101,  16, 000297
06 09:09, 040101 =>  040801,  26, 000102
06 09:52, 150101 =>  120301,  41, 000902
06 10:12, 040101 =>  081201,  20, 000528
06 10:41, 040101 =>  210701,  28, 000605
06 10:49, 040101 =>  210201,   8, 000503
06 11:49, 150101 =>  101001,  58, 000386
06 12:32, 040101 =>  080701,  41, 000308
06 13:04, 130101 =>  220501,  31, 000698
06 13:10, 150101 =>  020301,   6, 000841
06 14:25, 150101 =>  120701,  73, 000147
06 14:31, 150101 =>  150201,   5, 000077
06 15:21, 150101 =>  151001,  49, 000864
06 15:37, 150101 =>  020201,  15, 000027
06 16:09, 150101 =>  101001,  31, 000250
06 16:14, 040101 =>  050201,   5, 000619
06 16:30, 040101 =>  050401,  16, 000053
06 16:39, 130101 =>  130501,   8, 000086
06 16:47, 150101 =>  110401,   8, 000766
06 17:13, 150101 =>  110101,  25, 000143
06 17:26, 040101 =>  180201,  13, 000684
06 17:30, 040101 =>  180201,   4, 000953
06 17:50, 150101 =>  021401,  19, 000587
06 18:03, 150101 =>  021201,  13, 000393
06 18:07, 130101 =>  060301,   3, 000219
06 18:13, 040101 =>  211201,   6, 000933
06 18:48, 130101 =>  140201,  34, 000851
06 18:58, 150101 =>  020201,  10, 000733
06 19:02, 150101 =>  100401,   4, 000878
06 19:07, 150101 =>  020101,   4, 000135
06 19:17, 040101 =>  040401,  10, 000609
06 19:28, 130101 =>  010501,  11, 000351
06 19:33, 150101 =>  090101,   5, 000099
06 19:40, 040101 =>  030301,   6, 000462
06 19:43, 150101 =>  190301,   3, 000355
07 01:11, 040101 =>  030501,  70, 000000
07 02:34, 150101 =>  022001,  82, 000779
07 02:50, 040101 =>  040601,  16, 000723
07 03:29, 040101 =>  040301,  38, 000545
07 03:45, 130101 =>  060401,  16, 000397
07 04:14, 150101 =>  110501,  28, 000902
07 05:25, 040101 =>  210901,  70, 000300
07 05:29, 150101 =>  020801,   4, 000068
07 06:13, 150101 =>  150501,  43, 000100
07 07:01, 150101 =>  100601,  48, 000740
07 07:03, 150101 =>  090301,   2, 000144
07 08:10, 130101 =>  160501,  65, 000396
07 08:48, 040101 =>  050101,  38, 000437
07 09:07, 040101 =>  230401,  19, 000663
07 09:16, 150101 =>  150601,   8, 000849
07 09:25, 150101 =>  120301,   9, 000859
07 09:51, 130101 =>  130601,  26, 000245
07 10:08, 150101 =>  021901,  17, 000399
07 10:34, 150101 =>  020301,  25, 000653
07 10:52, 150101 =>  020701,  18, 000367
07 11:03, 040101 =>  030301,  11, 000583
07 12:43, 150101 =>  120301,  98, 000527
07 12:52, 150101 =>  120101,   9, 000026
07 13:13, 040101 =>  080101,  20, 000773
07 13:47, 150101 =>  100801,  34, 000120
07 14:26, 130101 =>  010101,  38, 000388
07 15:25, 150101 =>  110201,  58, 000208
07 15:51, 150101 =>  100901,  26, 000458
07 16:28, 150101 =>  100501,  36, 000834
07 16:54, 040101 =>  250101,  26, 000160
07 17:02, 150101 =>  150601,   8, 000190
07 17:23, 150101 =>  021701,  20, 000218
07 17:31, 150101 =>  100401,   8, 000154
07 17:38, 130101 =>  061201,   7, 000355
07 18:01, 130101 =>  060801,  23, 000834
07 18:05, 150101 =>  020101,   4, 000014
07 18:22, 040101 =>  250101,  16, 000867
07 18:35, 150101 =>  020801,  13, 000921
07 18:51, 150101 =>  150601,  16, 000703
07 19:06, 040101 =>  050801,  15, 000570
07 19:15, 150101 =>  020401,   9, 000043
07 19:29, 040101 =>  030101,  13, 000938
07 19:42, 130101 =>  200801,  13, 000321
07 20:03, 130101 =>  200501,  21, 000579
07 20:09, 150101 =>  021101,   6, 000574
07 20:12, 150101 =>  090501,   3, 000582
07 20:21, 130101 =>  240301,   8, 000546
07 20:24, 150101 =>  020801,   3, 000767
07 20:36, 040101 =>  040401,  12, 000427
07 20:39, 150101 =>  021901,   3, 000325
07 20:43, 150101 =>  100801,   4, 000171
07 20:48, 040101 =>  050701,   5, 000828
07 20:55, 040101 =>  081101,   7, 000694
07 20:56, 150101 =>  021701,   1, 000742
08 01:40, 040101 =>  170301,  99, 000135
08 02:02, 040101 =>  081301,  21, 000171
08 02:10, 150101 =>  150201,   8, 000698
08 03:21, 150101 =>  020601,  70, 000185
08 04:30, 040101 =>  210901,  68, 000137
08 05:02, 130101 =>  240101,  32, 000512
08 05:55, 040101 =>  081001,  52, 000085
08 06:20, 150101 =>  020301,  24, 000978
08 06:32, 130101 =>  160601,  12, 000686
08 07:00, 040101 =>  030101,  28, 000627
08 07:22, 040101 =>  080101,  21, 000402
08 08:08, 130101 =>  140301,  45, 000129
08 09:47, 150101 =>  021701,  98, 000242
08 09:57, 040101 =>  030601,  10, 000714
08 10:15, 040101 =>  030301,  17, 000736
08 11:54, 150101 =>  100201,  98, 000799
08 12:07, 040101 =>  030601,  13, 000785
08 12:57, 150101 =>  021701,  49, 000687
08 13:00, 040101 =>  210201,   3, 000493
08 14:08, 150101 =>  150601,  67, 000324
08 14:30, 150101 =>  021701,  21, 000459
08 14:58, 150101 =>  190101,  28, 000146
08 15:02, 040101 =>  050301,   4, 000118
08 15:09, 040101 =>  030401,   7, 000119
08 15:42, 150101 =>  021801,  32, 000835
08 16:11, 130101 =>  160601,  29, 000593
08 16:17, 150101 =>  021101,   5, 000134
08 16:36, 150101 =>  100901,  19, 000407
08 16:49, 150101 =>  120701,  13, 000859
08 16:55, 040101 =>  080301,   6, 000884
08 17:04, 040101 =>  030201,   9, 000783
08 17:25, 150101 =>  100901,  20, 000384
08 17:51, 150101 =>  020601,  26, 000797
08 17:58, 150101 =>  100201,   7, 000530
08 18:15, 150101 =>  021201,  17, 000180
08 18:20, 040101 =>  030201,   4, 000120
08 18:33, 130101 =>  061201,  13, 000754
08 18:38, 150101 =>  110501,   5, 000169
08 18:45, 040101 =>  081101,   7, 000210
08 18:55, 150101 =>  021701,  10, 000731
08 19:02, 040101 =>  211101,   7, 000572
08 19:16, 130101 =>  130201,  14, 000839
08 19:38, 130101 =>  060401,  21, 000212
08 19:47, 150101 =>  120501,   9, 000473
08 20:15, 130101 =>  220701,  28, 000596
08 20:21, 150101 =>  020901,   5, 000392
08 20:27, 150101 =>  090601,   6, 000669
08 20:31, 150101 =>  150401,   4, 000097
08 20:42, 130101 =>  010101,  11, 000482
08 20:46, 040101 =>  170101,   4, 000130
08 20:53, 130101 =>  061001,   7, 000063
08 20:54, 150101 =>  090301,   1, 000479
09 00:06, 150101 =>  110101,   6, 000042
09 00:29, 150101 =>  100501,  23, 000811
09 01:50, 040101 =>  040201,  80, 000372
09 03:09, 130101 =>  160301,  77, 000418
09 04:19, 150101 =>  150801,  69, 000224
09 04:55, 130101 =>  220301,  36, 000366
09 05:57, 040101 =>  210801,  61, 000253
09 06:57, 040101 =>  050101,  59, 000457
09 07:12, 150101 =>  150301,  14, 000242
09 07:20, 040101 =>  170301,   8, 000418
09 08:23, 150101 =>  110501,  62, 000451
09 09:20, 040101 =>  050801,  56, 000232
09 09:42, 040101 =>  080701,  22, 000105
09 10:00, 150101 =>  110301,  18, 000736
09 10:37, 150101 =>  020701,  36, 000532
09 11:00, 040101 =>  170301,  23, 000080
09 11:28, 130101 =>  160401,  27, 000586
09 11:38, 040101 =>  030201,  10, 000060
09 12:38, 150101 =>  020101,  59, 000563
09 12:56, 040101 =>  230301,  18, 000891
09 12:58, 150101 =>  020801,   2, 000848
09 13:20, 150101 =>  100401,  21, 000616
09 13:41, 130101 =>  131001,  21, 000955
09 14:02, 130101 =>  240301,  21, 000548
09 14:15, 040101 =>  050901,  12, 000343
09 14:24, 130101 =>  130401,   9, 000537
09 14:42, 130101 =>  130801,  18, 000419
09 15:34, 150101 =>  150201,  51, 000274
09 15:47, 130101 =>  200801,  13, 000482
09 15:55, 130101 =>  200401,   8, 000950
09 16:06, 130101 =>  220901,  11, 000484
09 16:13, 150101 =>  150701,   7, 000594
09 16:27, 040101 =>  030201,  13, 000858
09 16:30, 040101 =>  180301,   3, 000115
09 16:40, 040101 =>  210901,  10, 000704
09 17:49, 150101 =>  110501,  68, 000273
09 18:43, 150101 =>  120101,  53, 000788
09 18:46, 040101 =>  040601,   3, 000947
09 19:00, 150101 =>  150701,  14, 000249
09 19:13, 150101 =>  150401,  13, 000802
09 19:45, 150101 =>  090601,  31, 000925
09 19:48, 040101 =>  210101,   3, 000163
09 19:59, 150101 =>  021401,  11, 000444
09 20:03, 040101 =>  211301,   4, 000563
09 20:07, 040101 =>  250101,   4, 000333
10 00:20, 130101 =>  130501,  20, 000342
10 00:56, 040101 =>  040401,  36, 000568
10 01:19, 040101 =>  230401,  22, 000014
10 01:44, 150101 =>  120501,  25, 000204
10 02:25, 040101 =>  050801,  40, 000290
10 03:54, 150101 =>  020901,  88, 000612
10 04:23, 150101 =>  100601,  28, 000912
10 05:15, 040101 =>  250201,  51, 000804
10 05:44, 130101 =>  220401,  29, 000485
10 05:59, 150101 =>  100601,  15, 000080
10 06:11, 150101 =>  022001,  11, 000508
10 07:48, 150101 =>  120201,  96, 000302
10 08:19, 150101 =>  090101,  30, 000171
10 09:45, 150101 =>  020201,  85, 000355
10 10:34, 150101 =>  150501,  48, 000649
10 10:37, 130101 =>  061301,   3, 000025
10 10:40, 130101 =>  160701,   3, 000178
10 11:05, 130101 =>  061001,  25, 000948
10 11:38, 150101 =>  120201,  32, 000099
10 11:47, 150101 =>  090701,   9, 000113
10 12:02, 150101 =>  120701,  15, 000115
10 12:19, 130101 =>  160701,  16, 000018
10 12:48, 150101 =>  151001,  29, 000350
10 13:31, 150101 =>  190201,  42, 000566
10 13:52, 150101 =>  021501,  21, 000831
10 14:07, 150101 =>  021701,  15, 000812
10 14:22, 150101 =>  020901,  14, 000777
10 15:11, 040101 =>  250201,  49, 000722
10 15:49, 040101 =>  050501,  37, 000673
10 16:21, 040101 =>  230101,  31, 000892
10 16:44, 130101 =>  240101,  23, 000990
10 16:57, 150101 =>  120101,  13, 000623
10 17:09, 150101 =>  100801,  12, 000797
10 17:40, 130101 =>  061001,  30, 000030
10 18:12, 130101 =>  061101,  32, 000521
10 18:22, 040101 =>  211001,   9, 000978
10 18:28, 150101 =>  120301,   6, 000376
10 18:52, 040101 =>  080201,  24, 000884
10 18:59, 150101 =>  020501,   7, 000934
10 19:03, 150101 =>  021501,   4, 000087
10 19:07, 150101 =>  020701,   4, 000972
11 00:51, 150101 =>  020101,  52, 000112
11 01:09, 150101 =>  021801,  19, 000596
11 01:12, 040101 =>  080101,   3, 000368
11 01:37, 150101 =>  150501,  25, 000834
11 03:14, 150101 =>  190101,  99, 000883
11 03:55, 150101 =>  150901,  41, 000464
11 04:34, 130101 =>  061301,  40, 000658
11 06:11, 040101 =>  210801,  99, 000935
11 06:15, 040101 =>  081101,   4, 000642
11 06:24, 040101 =>  081201,   9, 000412
11 07:14, 130101 =>  010501,  51, 000935
11 08:15, 150101 =>  150701,  62, 000795
11 08:18, 150101 =>  120701,   3, 000402
11 08:34, 130101 =>  060701,  16, 000957
11 08:44, 040101 =>  180301,  10, 000611
11 09:27, 040101 =>  210201,  44, 000451
11 09:37, 150101 =>  120701,  10, 000346
11 10:55, 150101 =>  090301,  80, 000345
11 11:34, 150101 =>  150301,  39, 000732
11 11:52, 150101 =>  021701,  19, 000201
11 12:10, 130101 =>  010701,  18, 000130
11 12:26, 150101 =>  190201,  16, 000133
11 13:02, 130101 =>  061201,  37, 000939
11 13:23, 150101 =>  151001,  21, 000119
11 13:40, 150101 =>  090101,  17, 000109
11 14:08, 150101 =>  151001,  29, 000392
11 14:45, 150101 =>  021001,  37, 000341
11 14:57, 150101 =>  020401,  13, 000208
11 15:59, 040101 =>  050701,  63, 000984
11 16:19, 150101 =>  020901,  20, 000833
11 16:31, 150101 =>  110501,  12, 000235
11 16:43, 040101 =>  210101,  13, 000746
11 16:58, 150101 =>  120601,  15, 000789
11 17:17, 040101 =>  051101,  19, 000315
11 17:27, 150101 =>  101001,  10, 000678
11 17:36, 130101 =>  220601,   9, 000332
11 17:40, 150101 =>  100701,   4, 000422
11 17:49, 040101 =>  050701,  10, 000494
11 17:54, 130101 =>  140201,   5, 000427
11 18:04, 130101 =>  131101,  10, 000898
11 18:12, 150101 =>  022001,   8, 000367
11 18:16, 150101 =>  150701,   4, 000960
11 18:25, 130101 =>  220501,   9, 000318
11 18:29, 150101 =>  100101,   4, 000655
11 18:48, 040101 =>  030201,  20, 000349
11 18:50, 150101 =>  020301,   2, 000259
12 00:27, 150101 =>  020901,  27, 000604
12 00:48, 040101 =>  230101,  21, 000059
12 02:17, 040101 =>  250401,  89, 000685
12 03:50, 150101 =>  021601,  93, 000450
12 03:59, 040101 =>  081001,   9, 000138
12 05:09, 040101 =>  210901,  70, 000961
12 05:25, 150101 =>  110201,  16, 000122
12 06:12, 150101 =>  090701,  47, 000811
12 07:31, 130101 =>  060101,  79, 000327
12 07:54, 040101 =>  050601,  23, 000755
12 08:36, 040101 =>  080301,  42, 000282
12 08:57, 040101 =>  030301,  21, 000900
12 09:34, 150101 =>  101101,  37, 000082
12 10:01, 040101 =>  040301,  27, 000052
12 10:08, 040101 =>  080401,   7, 000864
12 10:21, 040101 =>  040501,  13, 000637
12 10:43, 150101 =>  021301,  22, 000926
12 11:37, 150101 =>  020601,  54, 000471
12 12:23, 150101 =>  120101,  46, 000840
12 13:22, 150101 =>  021401,  59, 000927
12 13:37, 040101 =>  030601,  15, 000012
12 13:51, 040101 =>  210601,  14, 000848
12 14:04, 130101 =>  160701,  13, 000986
12 14:12, 040101 =>  211201,   8, 000571
12 14:29, 130101 =>  220501,  17, 000668
12 15:27, 150101 =>  020401,  58, 000084
12 15:54, 130101 =>  010101,  27, 000742
12 16:12, 150101 =>  120801,  18, 000595
12 16:16, 040101 =>  080501,   4, 000462
12 16:51, 150101 =>  100301,  35, 000436
12 16:55, 130101 =>  220601,   4, 000379
12 17:00, 040101 =>  210201,   5, 000610
12 17:37, 150101 =>  021701,  37, 000511
12 18:01, 150101 =>  021901,  24, 000038
12 18:04, 040101 =>  051101,   3, 000999
12 18:08, 150101 =>  101001,   4, 000680
12 18:42, 130101 =>  220301,  34, 000278
12 18:47, 040101 =>  040401,   5, 000861
12 18:53, 040101 =>  080501,   6, 000523
12 18:58, 130101 =>  160701,   5, 000957
12 19:01, 040101 =>  080401,   3, 000417
12 19:08, 150101 =>  120701,   7, 000652
12 19:31, 130101 =>  130401,  23, 000584
12 19:44, 150101 =>  021401,  13, 000247
12 19:51, 130101 =>  130401,   7, 000313
12 20:09, 150101 =>  020701,  18, 000392
12 20:13, 040101 =>  211201,   4, 000441
12 20:26, 150101 =>  120501,  13, 000416
12 20:30, 040101 =>  210601,   4, 000051
12 20:39, 150101 =>  020301,   9, 000338
13 00:24, 150101 =>  090501,  25, 000748
13 02:01, 040101 =>  210501,  99, 000449
13 02:27, 040101 =>  050101,  26, 000247
13 02:59, 150101 =>  021701,  33, 000246
13 03:14, 040101 =>  180301,  15, 000914
13 03:46, 040101 =>  050101,  32, 000408
13 04:17, 040101 =>  210301,  32, 000932
13 05:09, 040101 =>  230201,  53, 000817
13 05:29, 040101 =>  040501,  20, 000350
13 05:50, 130101 =>  060801,  21, 000382
13 05:53, 150101 =>  021201,   3, 000992
13 06:46, 150101 =>  021001,  54, 000988
13 07:11, 150101 =>  100201,  26, 000846
13 07:27, 040101 =>  210301,  16, 000022
13 07:37, 130101 =>  220701,  10, 000681
13 08:32, 150101 =>  100101,  56, 000014
13 09:38, 130101 =>  060701,  67, 000516
13 09:50, 150101 =>  190101,  13, 000562
13 10:15, 040101 =>  080901,  25, 000755
13 10:41, 040101 =>  030401,  26, 000450
13 10:54, 150101 =>  190201,  14, 000001
13 11:53, 150101 =>  150601,  60, 000000
13 11:58, 040101 =>  030701,   5, 000886
13 12:01, 040101 =>  170301,   3, 000921
13 12:25, 130101 =>  131001,  24, 000967
13 12:41, 040101 =>  040301,  16, 000677
13 13:40, 150101 =>  090401,  60, 000137
13 13:47, 040101 =>  030201,   8, 000350
13 14:10, 150101 =>  090401,  23, 000880
13 14:13, 040101 =>  230201,   3, 000988
13 14:58, 150101 =>  100601,  46, 000134
13 15:55, 150101 =>  120601,  58, 000659
13 16:22, 150101 =>  090501,  27, 000158
13 16:51, 150101 =>  150501,  30, 000742
13 17:30, 130101 =>  060801,  39, 000792
13 17:36, 040101 =>  050301,   6, 000878
13 17:51, 130101 =>  220901,  16, 000118
13 18:01, 150101 =>  101001,  10, 000212
13 18:22, 150101 =>  022001,  21, 000287
13 18:44, 150101 =>  150901,  23, 000131
13 18:55, 150101 =>  090601,  11, 000086
13 19:17, 130101 =>  061001,  22, 000246
13 19:26, 130101 =>  010101,   9, 000371
13 19:30, 130101 =>  220201,   4, 000629
13 19:33, 150101 =>  150701,   3, 000402
13 19:46, 150101 =>  022001,  14, 000914
13 19:52, 130101 =>  140301,   6, 000987
13 20:02, 130101 =>  160301,  10, 000150
13 20:12, 150101 =>  020601,  10, 000378
13 20:20, 150101 =>  020501,   8, 000972
13 20:23, 040101 =>  080401,   3, 000759
13 20:34, 130101 =>  200601,  11, 000845
13 20:42, 150101 =>  150201,   9, 000455
13 20:48, 150101 =>  021401,   6, 000148
13 20:54, 150101 =>  100201,   6, 000101
13 21:00, 150101 =>  150801,   6, 000369
13 21:05, 150101 =>  021001,   5, 000212
13 21:09, 130101 =>  060701,   4, 000293
13 21:12, 150101 =>  120201,   3, 000918
13 21:19, 130101 =>  130901,   7, 000725
13 21:23, 130101 =>  200701,   4, 000828
14 00:44, 040101 =>  040301,  46, 000321
14 02:10, 150101 =>  100201,  89, 000931
14 03:07, 130101 =>  220501,  59, 000399
14 04:10, 040101 =>  050801,  65, 000136
14 05:20, 040101 =>  211301,  73, 000073
14 05:41, 150101 =>  090101,  21, 000968
14 06:08, 150101 =>  020901,  28, 000566
14 06:56, 130101 =>  130801,  50, 000119
14 07:52, 040101 =>  050401,  58, 000572
14 08:40, 130101 =>  061201,  49, 000441
14 09:00, 040101 =>  030701,  21, 000998
14 09:04, 040101 =>  080501,   4, 000480
14 09:44, 150101 =>  101101,  42, 000496
14 10:16, 150101 =>  020901,  33, 000386
14 10:48, 040101 =>  210901,  33, 000303
14 10:58, 130101 =>  160401,  10, 000902
14 11:52, 150101 =>  100801,  56, 000959
14 12:36, 150101 =>  190201,  46, 000076
14 12:47, 150101 =>  020501,  11, 000634
14 14:23, 150101 =>  190201,  99, 000855
14 15:06, 150101 =>  120401,  45, 000318
14 15:12, 130101 =>  221001,   6, 000855
14 15:28, 150101 =>  120101,  16, 000454
14 16:01, 150101 =>  150501,  35, 000310
14 16:17, 130101 =>  221001,  16, 000575
14 16:48, 040101 =>  210501,  32, 000784
14 16:52, 150101 =>  101001,   4, 000170
14 17:12, 130101 =>  130401,  21, 000454
14 17:20, 040101 =>  210801,   8, 000251
14 17:56, 150101 =>  150801,  38, 000113
14 18:09, 130101 =>  010201,  13, 000023
14 18:12, 130101 =>  130401,   3, 000714
14 18:32, 150101 =>  021401,  21, 000038
14 18:47, 130101 =>  131001,  15, 000062
14 18:55, 150101 =>  101001,   9, 000367
14 19:20, 150101 =>  100101,  26, 000613
14 19:39, 150101 =>  120101,  19, 000732
14 19:46, 040101 =>  210801,   7, 000554
14 19:54, 150101 =>  021501,   9, 000545
14 20:00, 130101 =>  220701,   6, 000103
14 20:07, 130101 =>  160301,   7, 000276
14 20:14, 150101 =>  090501,   7, 000654
14 20:27, 040101 =>  050101,  14, 000583
14 20:34, 150101 =>  021401,   7, 000519
14 20:39, 130101 =>  060201,   5, 000911
14 20:43, 150101 =>  100401,   4, 000130
14 20:48, 040101 =>  211201,   6, 000401
14 20:52, 150101 =>  020501,   4, 000119
14 21:02, 040101 =>  250401,  10, 000565
14 21:06, 150101 =>  021201,   4, 000740
15 00:30, 150101 =>  022001,  31, 000758
15 01:36, 130101 =>  200301,  67, 000018
15 02:24, 150101 =>  021201,  49, 000228
15 02:38, 150101 =>  150901,  14, 000594
15 03:34, 150101 =>  150901,  57, 000380
15 04:32, 130101 =>  220601,  59, 000334
15 05:14, 150101 =>  120801,  43, 000913
15 05:28, 130101 =>  060701,  14, 000742
15 06:01, 150101 =>  021101,  34, 000983
15 06:14, 040101 =>  180201,  13, 000033
15 07:02, 150101 =>  021401,  49, 000345
15 08:11, 150101 =>  101001,  70, 000173
15 08:17, 130101 =>  060401,   6, 000965
15 08:23, 150101 =>  110401,   6, 000518
15 08:27, 150101 =>  150301,   4, 000128
15 09:24, 040101 =>  250301,  58, 000798
15 09:29, 040101 =>  211301,   5, 000630
15 10:49, 150101 =>  100201,  82, 000274
15 11:54, 040101 =>  050301,  66, 000231
15 12:21, 130101 =>  060501,  27, 000216
15 12:35, 150101 =>  021701,  14, 000362
15 13:41, 150101 =>  100101,  67, 000371
15 13:49, 130101 =>  130401,   9, 000726
15 15:08, 040101 =>  030501,  80, 000814
15 15:40, 150101 =>  101101,  32, 000987
15 15:53, 130101 =>  160601,  14, 000427
15 16:48, 040101 =>  210201,  56, 000557
15 17:01, 040101 =>  050701,  13, 000155
15 17:26, 040101 =>  050201,  25, 000730
15 17:39, 040101 =>  210301,  13, 000637
15 17:57, 150101 =>  120301,  19, 000829
15 18:09, 150101 =>  150801,  12, 000137
15 18:25, 130101 =>  220901,  16, 000293
15 18:31, 150101 =>  100501,   6, 000114
15 18:56, 150101 =>  120101,  26, 000178
15 19:06, 040101 =>  211001,  10, 000284
15 19:25, 040101 =>  080501,  19, 000850
15 19:38, 040101 =>  210701,  13, 000168
15 19:56, 130101 =>  060501,  19, 000747
15 20:07, 040101 =>  040401,  11, 000266
15 20:20, 130101 =>  160401,  13, 000484
15 20:23, 130101 =>  131001,   3, 000553
15 20:33, 150101 =>  100301,  10, 000802
15 20:36, 040101 =>  080901,   3, 000077
15 20:39, 150101 =>  020801,   4, 000977
15 20:45, 040101 =>  170101,   6, 000702
15 20:55, 150101 =>  120201,  10, 000749
15 21:02, 150101 =>  021901,   7, 000096
15 21:09, 150101 =>  190201,   7, 000221
15 21:16, 150101 =>  100301,   7, 000089
15 21:22, 150101 =>  020101,   6, 000925
15 21:28, 040101 =>  080101,   6, 000515
15 21:32, 040101 =>  050301,   4, 000877
15 21:33, 040101 =>  210501,   1, 000131
16 00:35, 150101 =>  150801,  37, 000220
16 01:09, 040101 =>  210901,  35, 000031
16 01:18, 040101 =>  051001,   9, 000438
16 02:50, 150101 =>  150501,  95, 000114
16 03:23, 150101 =>  090501,  35, 000271
16 03:34, 150101 =>  150501,  11, 000680
16 04:20, 130101 =>  060901,  47, 000302
16 05:03, 150101 =>  100201,  45, 000349
16 05:41, 040101 =>  080701,  39, 000029
16 06:56, 040101 =>  210901,  78, 000404
16 08:13, 150101 =>  120501,  79, 000242
16 09:46, 150101 =>  021601,  97, 000601
16 10:31, 150101 =>  021201,  46, 000220
16 11:32, 150101 =>  090601,  63, 000923
16 11:36, 130101 =>  060401,   4, 000957
16 12:05, 040101 =>  230101,  31, 000890
16 12:19, 040101 =>  050201,  14, 000569
16 12:52, 040101 =>  211301,  34, 000551
16 13:42, 040101 =>  250301,  52, 000000
16 14:27, 150101 =>  021701,  46, 000785
16 14:59, 150101 =>  101101,  33, 000855
16 15:23, 150101 =>  021701,  25, 000826
16 15:32, 040101 =>  080301,  10, 000624
16 15:37, 150101 =>  100301,   5, 000191
16 15:47, 040101 =>  040701,  10, 000914
16 15:53, 150101 =>  150401,   6, 000516
16 16:00, 040101 =>  050401,   8, 000673
16 16:04, 040101 =>  081301,   4, 000373
16 16:11, 150101 =>  020201,   7, 000097
16 16:18, 150101 =>  190201,   7, 000606
16 16:44, 040101 =>  030701,  27, 000677
16 16:57, 150101 =>  100401,  14, 000008
16 17:07, 040101 =>  081101,  10, 000183
16 17:15, 150101 =>  020201,   8, 000112
16 17:22, 130101 =>  131001,   7, 000067
16 17:30, 150101 =>  110201,   9, 000907
16 17:57, 130101 =>  130701,  28, 000056
16 18:08, 130101 =>  220801,  11, 000437
16 18:15, 150101 =>  090101,   7, 000439
16 18:29, 040101 =>  080901,  15, 000429
16 19:14, 130101 =>  220801,  46, 000893
16 19:25, 040101 =>  050101,  12, 000218
16 19:32, 040101 =>  211301,   7, 000455
16 19:35, 040101 =>  080301,   3, 000475
16 19:39, 150101 =>  090101,   4, 000549
16 19:40, 150101 =>  150501,   1, 000700
16 19:44, 040101 =>  170301,   4, 000017
17 00:18, 150101 =>  150701,  19, 000823
17 00:35, 040101 =>  180301,  18, 000464
17 01:39, 130101 =>  060401,  66, 000347
17 02:29, 150101 =>  150801,  52, 000083
17 04:02, 150101 =>  090601,  96, 000811
17 04:33, 150101 =>  101001,  32, 000374
17 05:02, 150101 =>  100501,  30, 000639
17 05:35, 150101 =>  021901,  34, 000103
17 06:50, 040101 =>  180201,  78, 000594
17 07:46, 150101 =>  100501,  58, 000023
17 07:59, 150101 =>  150301,  13, 000362
17 08:29, 040101 =>  230401,  31, 000905
17 09:42, 040101 =>  030501,  76, 000380
17 11:09, 150101 =>  020401,  90, 000689
17 11:36, 040101 =>  250301,  27, 000910
17 12:38, 150101 =>  150201,  65, 000815
17 13:19, 130101 =>  160301,  42, 000850
17 13:28, 040101 =>  080401,   9, 000536
17 14:23, 150101 =>  020101,  57, 000443
17 14:58, 040101 =>  170101,  36, 000502
17 15:01, 150101 =>  021001,   4, 000680
17 15:21, 150101 =>  120301,  20, 000552
17 15:51, 150101 =>  110401,  31, 000392
17 15:58, 040101 =>  180301,   8, 000634
17 16:17, 150101 =>  150701,  19, 000600
17 16:34, 040101 =>  030201,  18, 000740
17 17:15, 130101 =>  060801,  42, 000520
17 17:24, 150101 =>  090201,  10, 000737
17 17:28, 130101 =>  200201,   4, 000380
17 17:45, 150101 =>  101001,  17, 000820
17 17:54, 150101 =>  020201,  10, 000023
17 18:27, 130101 =>  131001,  34, 000436
17 18:53, 040101 =>  050601,  27, 000586
17 18:58, 150101 =>  190201,   5, 000127
17 19:04, 150101 =>  020801,   6, 000328
17 19:09, 150101 =>  090301,   5, 000208
17 19:30, 040101 =>  040701,  22, 000148
17 19:34, 150101 =>  110301,   4, 000039
17 19:36, 150101 =>  120901,   2, 000483
18 00:43, 150101 =>  110501,  45, 000853
18 01:56, 150101 =>  150201,  76, 000325
18 02:50, 130101 =>  200201,  55, 000065
18 03:04, 130101 =>  130701,  15, 000872
18 03:07, 150101 =>  021001,   3, 000361
18 04:25, 150101 =>  100901,  81, 000996
18 05:44, 150101 =>  100501,  81, 000154
18 06:41, 150101 =>  110401,  59, 000967
18 07:29, 150101 =>  100701,  50, 000735
18 07:42, 150101 =>  020601,  13, 000412
18 08:45, 040101 =>  081101,  66, 000946
18 09:18, 150101 =>  090401,  34, 000604
18 09:48, 040101 =>  210401,  31, 000477
18 09:56, 040101 =>  080201,   8, 000377
18 10:04, 040101 =>  051001,   8, 000674
18 10:08, 150101 =>  022001,   4, 000926
18 10:24, 130101 =>  060801,  17, 000537
18 10:31, 150101 =>  190201,   7, 000427
18 11:06, 150101 =>  020101,  36, 000703
18 11:19, 150101 =>  151001,  14, 000561
18 12:07, 130101 =>  010601,  50, 000899
18 12:12, 150101 =>  100401,   5, 000458
18 13:00, 150101 =>  090701,  49, 000238
18 13:10, 150101 =>  120601,  11, 000386
18 14:36, 040101 =>  080501,  89, 000614
18 14:41, 040101 =>  051101,   5, 000080
18 15:17, 040101 =>  210701,  37, 000264
18 15:26, 150101 =>  110201,   9, 000271
18 15:31, 150101 =>  021101,   6, 000837
18 16:07, 130101 =>  200601,  37, 000896
18 16:16, 150101 =>  090701,   9, 000300
18 16:43, 130101 =>  160401,  28, 000648
18 16:54, 150101 =>  090701,  11, 000711
18 16:59, 150101 =>  150701,   6, 000817
18 17:37, 040101 =>  210701,  39, 000396
18 17:45, 150101 =>  150901,   8, 000772
18 17:57, 150101 =>  120301,  13, 000631
18 18:01, 130101 =>  060101,   4, 000395
18 18:16, 150101 =>  020401,  15, 000309
18 18:25, 150101 =>  100901,  10, 000674
18 18:41, 040101 =>  051001,  16, 000973
18 18:48, 150101 =>  110501,   7, 000311
18 19:08, 130101 =>  140101,  21, 000763
18 19:13, 150101 =>  021301,   5, 000120
18 19:27, 040101 =>  050601,  15, 000456
18 19:54, 040101 =>  051101,  28, 000487
18 20:00, 150101 =>  120601,   6, 000674
18 20:14, 040101 =>  050301,  14, 000249
18 20:19, 150101 =>  150401,   6, 000271
18 20:30, 040101 =>  050201,  11, 000731
18 20:37, 040101 =>  050301,   7, 000718
18 20:41, 150101 =>  090401,   4, 000680
18 20:56, 130101 =>  200201,  16, 000090
19 00:25, 150101 =>  100801,  27, 000803
19 01:16, 040101 =>  210801,  53, 000058
19 01:38, 130101 =>  160201,  24, 000037
19 03:03, 150101 =>  190201,  89, 000327
19 03:25, 130101 =>  220801,  23, 000727
19 04:22, 130101 =>  200401,  60, 000437
19 05:13, 150101 =>  110301,  54, 000337
19 05:44, 150101 =>  020201,  33, 000554
19 06:34, 150101 =>  100601,  52, 000423
19 06:53, 150101 =>  100901,  20, 000317
19 08:16, 040101 =>  050201,  88, 000984
19 09:00, 130101 =>  220801,  46, 000335
19 09:05, 130101 =>  061101,   5, 000753
19 09:09, 150101 =>  100701,   4, 000805
19 10:16, 150101 =>  150401,  71, 000133
19 11:05, 040101 =>  230101,  51, 000484
19 11:43, 040101 =>  040201,  40, 000538
19 12:30, 040101 =>  210801,  50, 000601
19 13:23, 150101 =>  021301,  56, 000524
19 13:39, 040101 =>  030401,  17, 000823
19 13:49, 150101 =>  110501,  10, 000167
19 14:00, 150101 =>  090401,  12, 000252
19 14:55, 150101 =>  020601,  58, 000990
19 15:50, 150101 =>  020201,  57, 000797
19 16:06, 150101 =>  021001,  17, 000687
19 16:26, 150101 =>  110201,  21, 000923
19 16:53, 150101 =>  110401,  29, 000202
19 17:15, 150101 =>  100101,  23, 000985
19 17:40, 040101 =>  080301,  26, 000965
19 18:08, 130101 =>  060401,  30, 000978
19 18:12, 040101 =>  210301,   4, 000095
19 18:19, 150101 =>  020801,   7, 000819
19 18:33, 130101 =>  220501,  15, 000065
19 18:41, 040101 =>  080101,   9, 000492
19 18:57, 150101 =>  021401,  16, 000745
19 19:00, 150101 =>  021601,   4, 000474
19 19:15, 130101 =>  140201,  15, 000601
19 19:22, 150101 =>  020601,   8, 000756
19 19:27, 150101 =>  021401,   5, 000169
19 19:46, 040101 =>  040801,  20, 000457
19 19:49, 130101 =>  200101,   3, 000228
19 20:01, 040101 =>  210601,  13, 000275
19 20:09, 040101 =>  051101,   8, 000786
19 20:13, 040101 =>  050101,   4, 000443
19 20:29, 130101 =>  010501,  17, 000135
19 20:33, 040101 =>  050901,   4, 000777
19 20:38, 130101 =>  220501,   6, 000466
19 20:41, 130101 =>  130901,   3, 000407
19 20:47, 150101 =>  150901,   6, 000882
19 20:51, 150101 =>  150901,   4, 000401
19 20:59, 040101 =>  050301,   9, 000282
19 21:04, 040101 =>  040301,   5, 000236
19 21:08, 150101 =>  101001,   4, 000482
19 21:13, 040101 =>  081001,   5, 000531
19 21:14, 150101 =>  100401,   2, 000250
20 00:12, 150101 =>  101101,  13, 000233
20 01:25, 130101 =>  160101,  77, 000719
20 02:32, 040101 =>  030701,  70, 000069
20 02:41, 040101 =>  210101,  10, 000583
20 03:10, 150101 =>  090201,  30, 000320
20 03:48, 150101 =>  021101,  40, 000171
20 03:54, 150101 =>  100201,   7, 000460
20 05:05, 150101 =>  020201,  75, 000669
20 05:25, 040101 =>  050401,  21, 000876
20 05:47, 130101 =>  220301,  23, 000513
20 06:22, 150101 =>  020301,  37, 000219
20 06:58, 150101 =>  021501,  38, 000272
20 07:01, 150101 =>  120801,   3, 000283
20 08:30, 040101 =>  081201,  93, 000138
20 09:05, 130101 =>  200101,  37, 000309
20 09:11, 150101 =>  120201,   7, 000103
20 09:49, 150101 =>  150201,  39, 000510
20 09:56, 040101 =>  050901,   8, 000879
20 10:29, 130101 =>  130701,  35, 000344
20 11:40, 150101 =>  101001,  74, 000308
20 13:01, 150101 =>  021701,  86, 000367
20 13:27, 150101 =>  021101,  27, 000856
20 13:53, 130101 =>  060601,  27, 000986
20 14:23, 150101 =>  150801,  32, 000536
20 15:13, 150101 =>  150301,  53, 000296
20 15:48, 040101 =>  170201,  36, 000657
20 16:25, 150101 =>  150201,  39, 000046
20 16:28, 130101 =>  010501,   3, 000752
20 16:54, 150101 =>  020601,  28, 000517
20 17:09, 150101 =>  150901,  16, 000914
20 17:29, 130101 =>  060401,  21, 000807
20 18:10, 040101 =>  210801,  43, 000760
20 18:17, 150101 =>  070101,   7, 000821
20 18:22, 130101 =>  200101,   5, 000369
20 18:34, 150101 =>  110501,  13, 000080
20 18:40, 150101 =>  090201,   6, 000101
20 18:49, 150101 =>  120301,  10, 000599
20 19:02, 130101 =>  200101,  14, 000549
20 19:19, 040101 =>  050601,  18, 000353
20 19:30, 130101 =>  200401,  11, 000384
20 19:35, 040101 =>  080101,   5, 000533
20 19:40, 150101 =>  022001,   6, 000768
20 19:45, 150101 =>  110101,   5, 000794
20 20:12, 040101 =>  030701,  28, 000863
20 20:27, 040101 =>  030101,  16, 000554
20 20:35, 130101 =>  060101,   8, 000453
20 20:53, 040101 =>  030401,  19, 000396
20 21:00, 040101 =>  250101,   8, 000066
20 21:04, 130101 =>  200601,   4, 000733
20 21:09, 130101 =>  220301,   5, 000590
20 21:12, 130101 =>  220901,   3, 000730
20 21:15, 150101 =>  090701,   4, 000436
20 21:19, 130101 =>  060501,   4, 000182
21 00:02, 040101 =>  210701,   3, 000167
21 01:33, 040101 =>  080801,  97, 000026
21 01:58, 150101 =>  120701,  27, 000683
21 02:57, 130101 =>  220501,  63, 000157
21 03:53, 040101 =>  170301,  60, 000597
21 04:50, 150101 =>  090401,  61, 000754
21 05:10, 150101 =>  120801,  22, 000072
21 06:03, 150101 =>  021601,  56, 000556
21 06:07, 150101 =>  020201,   5, 000972
21 07:00, 150101 =>  020101,  56, 000236
21 07:14, 150101 =>  021101,  16, 000776
21 08:00, 040101 =>  210801,  49, 000997
21 08:23, 150101 =>  190201,  24, 000796
21 09:52, 150101 =>  190301,  96, 000210
21 11:12, 150101 =>  020801,  86, 000696
21 12:00, 130101 =>  010501,  51, 000654
21 12:27, 150101 =>  021101,  29, 000049
21 12:47, 150101 =>  021301,  21, 000547
21 13:40, 150101 =>  110201,  57, 000637
21 14:01, 150101 =>  020601,  23, 000875
21 14:04, 150101 =>  021801,   3, 000295
21 14:13, 130101 =>  200301,   9, 000486
21 15:13, 040101 =>  210601,  65, 000137
21 15:20, 040101 =>  250301,   7, 000577
21 15:44, 150101 =>  020501,  26, 000109
21 15:49, 130101 =>  200301,   5, 000447
21 16:19, 040101 =>  050401,  32, 000594
21 16:46, 040101 =>  050901,  29, 000456
21 17:07, 040101 =>  030201,  23, 000400
21 17:21, 130101 =>  130801,  15, 000370
21 17:44, 130101 =>  160201,  25, 000635
21 18:07, 150101 =>  100501,  24, 000808
21 18:15, 150101 =>  120101,   9, 000720
21 18:24, 150101 =>  120801,   9, 000113
21 18:39, 150101 =>  150601,  16, 000818
21 18:55, 040101 =>  180301,  18, 000475
21 19:01, 040101 =>  080201,   6, 000265
21 19:09, 040101 =>  211001,   9, 000241
21 19:18, 040101 =>  050101,   9, 000535
21 19:25, 150101 =>  090101,   8, 000636
21 19:33, 150101 =>  120401,   8, 000329
21 19:36, 040101 =>  050301,   3, 000465
21 19:42, 150101 =>  190201,   7, 000679
21 20:05, 130101 =>  130701,  25, 000929
21 20:29, 130101 =>  060701,  25, 000951
21 20:34, 150101 =>  021201,   6, 000199
21 20:39, 150101 =>  020901,   5, 000648
21 20:44, 130101 =>  131101,   5, 000396
21 20:48, 040101 =>  040701,   5, 000633
21 20:50, 150101 =>  021401,   2, 000786
22 00:03, 150101 =>  100901,   4, 000393
22 01:25, 150101 =>  100901,  88, 000436
22 02:25, 130101 =>  200601,  64, 000743
22 03:31, 150101 =>  021401,  71, 000795
22 03:39, 150101 =>  150801,   8, 000448
22 03:55, 130101 =>  060701,  17, 000755
22 04:45, 150101 =>  020701,  54, 000887
22 04:48, 150101 =>  100901,   3, 000010
22 06:13, 040101 =>  081001,  91, 000948
22 06:41, 150101 =>  101001,  30, 000256
22 06:58, 040101 =>  040301,  18, 000788
22 07:42, 150101 =>  150701,  48, 000299
22 07:53, 150101 =>  021001,  11, 000302
22 08:10, 150101 =>  021801,  18, 000854
22 09:23, 040101 =>  080101,  79, 000399
22 09:30, 130101 =>  160301,   7, 000860
22 09:50, 040101 =>  051001,  22, 000883
22 11:11, 150101 =>  110201,  86, 000882
22 11:47, 130101 =>  131201,  39, 000855
22 12:01, 150101 =>  020701,  15, 000543
22 12:05, 040101 =>  210701,   4, 000070
22 13:18, 150101 =>  150701,  78, 000185
22 13:53, 150101 =>  100401,  38, 000971
22 14:35, 130101 =>  060601,  45, 000014
22 14:40, 150101 =>  120701,   5, 000456
22 15:25, 040101 =>  210601,  49, 000499
22 16:03, 150101 =>  020801,  40, 000888
22 16:43, 040101 =>  250401,  43, 000741
22 16:46, 040101 =>  040701,   3, 000317
22 16:55, 040101 =>  030201,  10, 000381
22 17:20, 150101 =>  100501,  27, 000980
22 17:30, 150101 =>  101101,  10, 000494
22 17:44, 150101 =>  090301,  16, 000030
22 17:52, 040101 =>  040701,   8, 000037
22 17:58, 150101 =>  150601,   7, 000489
22 18:08, 150101 =>  120601,  10, 000788
22 18:14, 040101 =>  230201,   7, 000086
22 18:19, 150101 =>  020701,   5, 000177
22 18:30, 150101 =>  020201,  12, 000212
22 18:39, 150101 =>  110301,   9, 000580
22 19:10, 130101 =>  131201,  34, 000723
22 19:17, 150101 =>  021101,   7, 000907
22 19:21, 150101 =>  120601,   4, 000786
22 19:30, 040101 =>  210401,  10, 000638
22 19:32, 150101 =>  100601,   2, 000157
22 19:50, 130101 =>  220501,  20, 000174
22 20:04, 130101 =>  160301,  14, 000287
22 20:12, 130101 =>  160601,   9, 000081
22 20:16, 130101 =>  130501,   4, 000905
23 00:16, 040101 =>  210701,  18, 000834
23 00:20, 130101 =>  010701,   4, 000776
23 00:23, 130101 =>  200201,   4, 000163
23 00:30, 130101 =>  220601,   7, 000385
23 00:50, 130101 =>  240301,  22, 000494
23 00:59, 040101 =>  040301,  10, 000027
23 01:50, 130101 =>  240301,  55, 000189
23 03:21, 040101 =>  210501, 100, 000578
23 04:17, 150101 =>  150301,  61, 000723
23 04:43, 040101 =>  170201,  28, 000602
23 05:52, 040101 =>  250201,  76, 000399
23 06:07, 040101 =>  180201,  16, 000218
23 07:14, 150101 =>  020501,  73, 000959
23 08:20, 150101 =>  100401,  72, 000442
23 08:32, 130101 =>  220501,  13, 000271
23 09:13, 150101 =>  150801,  45, 000073
23 09:48, 040101 =>  081201,  38, 000564
23 10:24, 040101 =>  080801,  39, 000599
23 11:32, 150101 =>  150401,  74, 000279
23 12:19, 150101 =>  151001,  52, 000729
23 12:42, 040101 =>  051101,  25, 000010
23 12:54, 040101 =>  210201,  13, 000908
23 13:12, 040101 =>  050101,  19, 000971
23 13:37, 150101 =>  110101,  28, 000482
23 13:48, 130101 =>  061201,  12, 000050
23 13:53, 040101 =>  040701,   5, 000360
23 13:57, 150101 =>  150201,   5, 000131
23 15:21, 150101 =>  110401,  91, 000616
23 15:24, 150101 =>  100701,   3, 000249
23 15:46, 150101 =>  110301,  24, 000780
23 15:52, 040101 =>  050501,   7, 000036
23 16:02, 040101 =>  040401,  11, 000256
23 16:50, 150101 =>  110401,  52, 000391
23 16:54, 040101 =>  050501,   5, 000172
23 17:01, 150101 =>  150401,   7, 000781
23 17:30, 150101 =>  110501,  32, 000447
23 17:33, 040101 =>  080301,   3, 000085
23 17:36, 040101 =>  051101,   3, 000756
23 17:52, 150101 =>  120101,  18, 000339
23 17:56, 040101 =>  050201,   4, 000958
23 18:21, 130101 =>  010101,  28, 000138
23 18:41, 150101 =>  022001,  21, 000917
23 18:44, 040101 =>  050901,   4, 000359
23 18:45, 040101 =>  050201,   1, 000459
23 18:53, 150101 =>  100401,   9, 000099
24 01:18, 130101 =>  131201,  86, 000571
24 01:58, 130101 =>  060401,  43, 000001
24 02:08, 150101 =>  120401,  11, 000278
24 02:42, 150101 =>  120601,  37, 000417
24 03:40, 150101 =>  020201,  64, 000401
24 03:47, 150101 =>  020501,   7, 000593
24 03:52, 040101 =>  080201,   6, 000989
24 04:02, 150101 =>  020501,  11, 000554
24 04:18, 130101 =>  060401,  17, 000667
24 05:00, 150101 =>  150901,  46, 000547
24 05:21, 130101 =>  220301,  23, 000941
24 06:20, 150101 =>  070101,  64, 000766
24 06:43, 130101 =>  160101,  25, 000417
24 06:58, 130101 =>  220201,  17, 000887
24 07:03, 130101 =>  131001,   5, 000985
24 07:51, 040101 =>  040301,  52, 000029
24 07:59, 150101 =>  150901,   9, 000155
24 08:04, 150101 =>  150201,   6, 000743
24 09:29, 040101 =>  230201,  92, 000644
24 09:37, 150101 =>  021501,   9, 000338
24 10:40, 040101 =>  040601,  69, 000960
24 10:58, 130101 =>  061201,  19, 000179
24 11:04, 150101 =>  021801,   7, 000249
24 11:33, 150101 =>  120601,  31, 000481
24 11:42, 130101 =>  061301,  10, 000355
24 12:24, 150101 =>  120401,  46, 000534
24 12:30, 130101 =>  220501,   7, 000301
24 12:39, 130101 =>  220601,   9, 000486
24 13:16, 150101 =>  022001,  41, 000936
24 13:20, 130101 =>  200501,   4, 000043
24 13:43, 150101 =>  090601,  25, 000076
24 13:49, 150101 =>  120301,   7, 000432
24 13:55, 150101 =>  100701,   6, 000327
24 14:45, 150101 =>  021801,  55, 000735
24 15:41, 150101 =>  100201,  61, 000262
24 15:47, 130101 =>  060501,   7, 000309
24 16:09, 150101 =>  021201,  24, 000102
24 16:12, 130101 =>  220101,   3, 000108
24 16:16, 130101 =>  160401,   4, 000899
24 16:29, 150101 =>  020601,  14, 000245
24 16:31, 130101 =>  220501,   3, 000373
24 17:07, 150101 =>  020301,  39, 000331
24 17:15, 150101 =>  090701,   9, 000138
24 17:19, 150101 =>  090301,   4, 000019
24 17:30, 040101 =>  040401,  12, 000565
24 17:34, 130101 =>  220201,   4, 000214
24 17:58, 150101 =>  100901,  27, 000121
24 18:08, 150101 =>  021501,  10, 000317
24 18:36, 040101 =>  051101,  31, 000555
24 18:55, 040101 =>  050901,  21, 000907
24 19:06, 150101 =>  101101,  12, 000401
24 19:15, 150101 =>  021001,  10, 000445
24 19:25, 150101 =>  021201,  10, 000463
25 00:08, 150101 =>  020901,   9, 000792
25 00:09, 150101 =>  090101,   1, 000815
25 00:18, 130101 =>  220601,  10, 000343
25 00:21, 150101 =>  120901,   3, 000153
25 01:03, 150101 =>  150201,  46, 000709
25 01:14, 130101 =>  221001,  12, 000766
25 01:56, 130101 =>  240201,  46, 000677
25 02:39, 130101 =>  220501,  47, 000308
25 02:57, 040101 =>  040401,  20, 000788
25 03:02, 150101 =>  150401,   5, 000611
25 04:07, 040101 =>  050501,  71, 000309
25 04:29, 130101 =>  220901,  24, 000103
25 05:15, 040101 =>  211101,  50, 000993
25 05:42, 150101 =>  021201,  30, 000924
25 06:37, 040101 =>  050801,  60, 000434
25 07:22, 040101 =>  250401,  49, 000398
25 07:49, 130101 =>  060901,  29, 000419
25 08:28, 150101 =>  020501,  43, 000655
25 09:05, 150101 =>  021101,  40, 000355
25 09:31, 130101 =>  200101,  28, 000966
25 09:52, 150101 =>  021201,  23, 000054
25 09:56, 040101 =>  081101,   5, 000234
25 10:12, 130101 =>  160201,  17, 000382
25 10:41, 150101 =>  150501,  32, 000211
25 11:21, 150101 =>  120301,  43, 000777
25 11:46, 040101 =>  230401,  28, 000139
25 12:10, 040101 =>  230201,  26, 000120
25 12:24, 150101 =>  150701,  15, 000272
25 12:50, 040101 =>  080501,  28, 000164
25 14:00, 150101 =>  110401,  77, 000068
25 14:27, 150101 =>  150801,  29, 000330
25 14:37, 130101 =>  200501,  11, 000115
25 15:29, 150101 =>  090701,  57, 000196
25 16:18, 150101 =>  020901,  53, 000902
25 16:44, 150101 =>  021101,  29, 000471
25 17:32, 150101 =>  020101,  52, 000697
25 18:05, 150101 =>  021301,  36, 000375
25 18:09, 130101 =>  010601,   5, 000311
25 18:18, 130101 =>  160301,   9, 000697
25 18:22, 130101 =>  200201,   5, 000287
25 18:34, 130101 =>  010301,  13, 000915
25 18:50, 150101 =>  021601,  17, 000604
25 19:10, 040101 =>  040201,  22, 000348
25 19:15, 040101 =>  170101,   5, 000238
25 19:22, 130101 =>  061301,   8, 000316
25 19:44, 150101 =>  020501,  24, 000667
25 19:57, 150101 =>  021601,  14, 000539
25 20:00, 150101 =>  120401,   4, 000699
25 20:04, 130101 =>  130801,   4, 000905
25 20:11, 150101 =>  020501,   8, 000535
25 20:25, 040101 =>  040701,  15, 000139
25 20:32, 130101 =>  010201,   7, 000275
25 20:35, 130101 =>  200701,   4, 000654
25 20:44, 150101 =>  101101,  10, 000480
25 20:55, 040101 =>  030201,  12, 000485
25 20:58, 130101 =>  010701,   3, 000769
25 21:05, 040101 =>  081301,   7, 000239
25 21:10, 040101 =>  050801,   6, 000346
25 21:13, 130101 =>  130701,   3, 000774
26 00:16, 130101 =>  200401,  18, 000223
26 01:12, 040101 =>  210601,  62, 000609
26 02:01, 150101 =>  100801,  55, 000307
26 02:05, 150101 =>  021001,   4, 000758
26 03:34, 040101 =>  250301,  99, 000633
26 05:01, 150101 =>  120301,  97, 000283
26 06:19, 150101 =>  020301,  87, 000691
26 07:31, 130101 =>  061001,  80, 000847
26 07:57, 150101 =>  100201,  28, 000292
26 09:17, 150101 =>  190301,  89, 000293
26 10:05, 150101 =>  090201,  54, 000698
26 10:38, 150101 =>  150501,  36, 000562
26 11:17, 040101 =>  210701,  44, 000199
26 12:29, 150101 =>  021901,  80, 000862
26 12:49, 130101 =>  220201,  22, 000317
26 12:56, 130101 =>  160601,   8, 000911
26 13:32, 150101 =>  021101,  40, 000716
26 14:12, 040101 =>  040401,  44, 000085
26 14:16, 040101 =>  250101,   5, 000312
26 14:30, 150101 =>  151001,  15, 000483
26 14:47, 150101 =>  120701,  19, 000151
26 15:03, 150101 =>  090401,  18, 000360
26 15:06, 040101 =>  030701,   3, 000000
26 15:20, 150101 =>  090701,  16, 000181
26 15:44, 040101 =>  051101,  26, 000775
26 15:54, 150101 =>  120301,  12, 000909
26 16:14, 040101 =>  210101,  22, 000678
26 16:25, 150101 =>  120701,  12, 000924
26 16:39, 150101 =>  020701,  16, 000337
26 16:43, 150101 =>  100901,   4, 000527
26 16:57, 150101 =>  100701,  16, 000245
26 17:31, 130101 =>  060101,  37, 000302
26 17:35, 150101 =>  020301,   5, 000791
26 17:41, 150101 =>  021701,   6, 000957
26 17:56, 040101 =>  180201,  17, 000786
26 18:14, 040101 =>  210101,  20, 000777
26 18:23, 130101 =>  130601,  10, 000578
26 18:29, 150101 =>  151001,   7, 000525
26 18:35, 150101 =>  150701,   6, 000289
26 18:38, 150101 =>  150301,   4, 000425
26 18:42, 040101 =>  180301,   4, 000083
27 00:37, 040101 =>  211301,  42, 000469
27 01:21, 150101 =>  021401,  48, 000306
27 02:46, 150101 =>  150901,  95, 000184
27 03:16, 150101 =>  020801,  33, 000397
27 04:24, 040101 =>  080201,  76, 000367
27 05:12, 150101 =>  021401,  53, 000536
27 05:25, 150101 =>  020501,  15, 000996
27 06:20, 150101 =>  090201,  61, 000414
27 06:44, 150101 =>  150301,  26, 000752
27 07:16, 040101 =>  250401,  36, 000802
27 08:00, 040101 =>  180101,  49, 000135
27 08:29, 040101 =>  081001,  32, 000093
27 09:23, 040101 =>  210701,  60, 000134
27 09:35, 150101 =>  120701,  13, 000813
27 10:12, 040101 =>  081101,  42, 000206
27 10:33, 150101 =>  120601,  23, 000348
27 11:38, 150101 =>  021701,  72, 000923
27 12:00, 040101 =>  211101,  25, 000764
27 12:21, 150101 =>  021301,  23, 000148
27 13:04, 150101 =>  021301,  48, 000543
27 13:09, 040101 =>  210601,   5, 000707
27 13:50, 150101 =>  120801,  46, 000961
27 13:58, 040101 =>  040201,   9, 000308
27 14:06, 150101 =>  090601,   8, 000350
27 14:34, 150101 =>  100901,  32, 000730
27 14:43, 040101 =>  040701,  10, 000444
27 14:54, 040101 =>  080301,  12, 000618
27 14:57, 040101 =>  080101,   3, 000796
27 15:36, 130101 =>  220501,  43, 000049
27 15:42, 040101 =>  040301,   7, 000511
27 16:20, 150101 =>  150701,  42, 000007
27 16:45, 150101 =>  120901,  28, 000995
27 16:52, 040101 =>  080901,   8, 000248
27 17:02, 150101 =>  021101,  11, 000529
27 17:08, 150101 =>  110201,   7, 000180
27 17:13, 150101 =>  100301,   5, 000354
27 17:18, 040101 =>  050601,   6, 000891
27 17:39, 130101 =>  200701,  23, 000150
27 17:45, 150101 =>  100401,   7, 000065
27 17:55, 150101 =>  021001,  11, 000279
27 18:00, 040101 =>  040701,   6, 000598
27 18:08, 150101 =>  021201,   8, 000654
27 18:13, 150101 =>  150601,   6, 000123
27 19:03, 130101 =>  130701,  56, 000325
27 19:07, 040101 =>  180201,   4, 000961
27 19:12, 150101 =>  120701,   5, 000472
27 19:12, 150101 =>  090701,   1, 000359
28 00:30, 150101 =>  090301,  34, 000719
28 00:46, 150101 =>  090201,  19, 000295
28 01:09, 040101 =>  050701,  26, 000729
28 01:52, 150101 =>  020201,  48, 000637
28 02:03, 130101 =>  200501,  13, 000950
28 02:13, 150101 =>  100701,  11, 000826
28 02:31, 150101 =>  021801,  20, 000431
28 02:34, 040101 =>  040301,   4, 000840
28 03:24, 150101 =>  110101,  57, 000405
28 04:40, 130101 =>  220601,  85, 000033
28 05:00, 130101 =>  160301,  23, 000301
28 06:05, 040101 =>  210501,  74, 000446
28 06:21, 150101 =>  020301,  18, 000284
28 06:58, 150101 =>  021401,  42, 000525
28 08:10, 150101 =>  120601,  81, 000590
28 08:23, 150101 =>  120401,  15, 000613
28 09:28, 150101 =>  021801,  74, 000951
28 09:48, 130101 =>  240301,  22, 000973
28 10:41, 040101 =>  030101,  60, 000564
28 11:15, 150101 =>  020301,  39, 000442
28 11:29, 130101 =>  130601,  16, 000905
28 11:57, 150101 =>  110501,  31, 000205
28 12:38, 040101 =>  230101,  47, 000871
28 13:33, 150101 =>  110401,  62, 000770
28 14:03, 040101 =>  210201,  34, 000570
28 14:12, 150101 =>  021701,  10, 000671
28 14:50, 150101 =>  190301,  43, 000813
28 15:04, 150101 =>  021001,  16, 000728
28 15:30, 130101 =>  140301,  29, 000863
28 15:38, 040101 =>  080901,  10, 000120
28 16:03, 130101 =>  130301,  28, 000985
28 16:32, 150101 =>  020901,  33, 000501
28 17:04, 040101 =>  030401,  36, 000633
28 17:14, 150101 =>  120501,  11, 000398
28 17:33, 150101 =>  090201,  22, 000549
28 17:40, 150101 =>  100701,   7, 000834
28 17:56, 040101 =>  040801,  19, 000525
28 18:05, 150101 =>  021501,  10, 000321
28 18:18, 040101 =>  050201,  15, 000763
28 18:24, 150101 =>  021901,   6, 000205
28 18:32, 040101 =>  040201,   9, 000707
28 18:36, 150101 =>  022001,   5, 000068
28 18:40, 150101 =>  070101,   4, 000449
28 19:01, 040101 =>  050901,  24, 000620
28 19:07, 150101 =>  020501,   7, 000369
28 19:11, 150101 =>  190301,   5, 000132
28 19:24, 040101 =>  210201,  14, 000322
28 19:27, 150101 =>  090301,   4, 000050
28 19:40, 130101 =>  200301,  14, 000317
28 19:41, 150101 =>  110101,   1, 000287
28 19:46, 040101 =>  170301,   6, 000060
29 00:17, 040101 =>  210501,  19, 000863
29 00:48, 150101 =>  020301,  35, 000230
29 02:13, 040101 =>  081101,  94, 000767
29 03:08, 150101 =>  100601,  61, 000097
29 04:27, 040101 =>  250301,  88, 000657
29 04:52, 150101 =>  020801,  28, 000236
29 05:59, 130101 =>  130901,  74, 000483
29 06:54, 150101 =>  120201,  62, 000178
29 07:23, 150101 =>  120801,  32, 000111
29 07:57, 150101 =>  020301,  38, 000598
29 08:32, 130101 =>  200201,  38, 000646
29 09:01, 130101 =>  220101,  33, 000287
29 09:04, 150101 =>  020701,   3, 000263
29 09:51, 040101 =>  211001,  52, 000464
29 10:14, 150101 =>  120201,  26, 000330
29 10:17, 150101 =>  120901,   3, 000011
29 10:36, 130101 =>  131201,  21, 000379
29 10:51, 130101 =>  160201,  17, 000048
29 11:21, 040101 =>  210601,  33, 000036
29 11:27, 040101 =>  040301,   7, 000295
29 12:40, 150101 =>  070101,  81, 000277
29 13:17, 040101 =>  051001,  41, 000269
29 13:25, 040101 =>  050301,   9, 000679
29 13:42, 150101 =>  120501,  19, 000635
29 14:58, 150101 =>  090201,  84, 000668
29 15:28, 130101 =>  160301,  34, 000266
29 15:50, 040101 =>  210501,  24, 000148
29 16:19, 150101 =>  090101,  32, 000474
29 16:50, 150101 =>  120101,  35, 000430
29 17:30, 150101 =>  110201,  44, 000228
29 17:51, 040101 =>  250301,  23, 000591
29 18:05, 150101 =>  021301,  16, 000081
29 18:36, 150101 =>  110401,  34, 000576
29 18:49, 150101 =>  090701,  15, 000428
29 19:13, 150101 =>  150401,  27, 000654
29 19:22, 150101 =>  120201,  10, 000382
29 19:25, 040101 =>  250301,   3, 000714
29 19:34, 040101 =>  040401,  10, 000337
29 19:44, 150101 =>  120101,  11, 000688
29 19:49, 040101 =>  080501,   6, 000491
29 19:57, 040101 =>  250301,   8, 000653
29 20:02, 040101 =>  040201,   6, 000865
29 20:06, 040101 =>  030501,   5, 000402
29 20:12, 040101 =>  080301,   6, 000401
29 20:15, 040101 =>  250101,   4, 000302
29 20:16, 040101 =>  050401,   1, 000665
30 00:50, 130101 =>  131101,  57, 000311
30 01:27, 130101 =>  061001,  42, 000679
30 01:49, 150101 =>  100601,  25, 000888
30 02:08, 130101 =>  220301,  22, 000512
30 02:23, 130101 =>  200201,  17, 000503
30 02:50, 040101 =>  030401,  30, 000010
30 03:46, 040101 =>  080101,  63, 000712
30 04:24, 130101 =>  220101,  43, 000738
30 04:31, 040101 =>  030701,   8, 000863
30 05:21, 150101 =>  100701,  57, 000707
30 05:31, 040101 =>  080601,  11, 000633
30 05:38, 150101 =>  101001,   8, 000862
30 05:48, 130101 =>  061301,  11, 000719
30 06:55, 150101 =>  090101,  76, 000284
30 07:08, 150101 =>  100601,  15, 000605
30 07:27, 150101 =>  100901,  22, 000537
30 08:19, 040101 =>  250101,  58, 000775
30 08:34, 040101 =>  030301,  18, 000448
30 09:23, 150101 =>  120501,  55, 000763
30 09:33, 130101 =>  240301,  11, 000720
30 10:33, 150101 =>  020601,  68, 000866
30 10:48, 130101 =>  130401,  17, 000131
30 11:48, 150101 =>  120901,  68, 000678
30 13:11, 150101 =>  020701,  94, 000475
30 13:22, 130101 =>  200301,  12, 000185
30 13:27, 150101 =>  090201,   6, 000186
30 13:55, 040101 =>  050501,  32, 000385
30 14:28, 040101 =>  030301,  37, 000821
30 15:36, 150101 =>  070101,  77, 000513
30 15:46, 130101 =>  130201,  12, 000423
30 16:31, 150101 =>  150501,  51, 000882
30 16:41, 150101 =>  021901,  11, 000509
30 17:06, 150101 =>  100501,  28, 000650
30 17:50, 040101 =>  180201,  50, 000976
30 17:58, 130101 =>  200501,   9, 000135
30 18:02, 150101 =>  090501,   5, 000924
30 18:16, 040101 =>  250101,  15, 000659
30 18:18, 130101 =>  160301,   3, 000682
30 18:40, 150101 =>  021801,  25, 000663
30 18:53, 150101 =>  120701,  14, 000235
30 19:22, 040101 =>  030601,  33, 000987
30 19:43, 040101 =>  030601,  24, 000146
30 19:49, 130101 =>  060701,   7, 000784
30 19:57, 150101 =>  150501,   9, 000879
30 20:04, 150101 =>  090101,   8, 000174
30 20:07, 040101 =>  030601,   3, 000708
30 20:11, 040101 =>  040201,   4, 000172
30 20:20, 130101 =>  130601,  11, 000031
30 20:24, 150101 =>  100701,   4, 000995
30 20:26, 150101 =>  120301,   3, 000663
30 20:32, 150101 =>  021301,   6, 000573
30 20:37, 040101 =>  210201,   6, 000310
30 20:41, 150101 =>  020901,   5, 000524
30 20:43, 150101 =>  190101,   2, 000529
31 00:31, 040101 =>  040401,  36, 000002
31 00:32, 150101 =>  090301,   1, 000206
31 01:47, 150101 =>  090701,  87, 000230
31 02:40, 040101 =>  030101,  61, 000749
31 02:48, 040101 =>  050501,   9, 000206
31 02:59, 040101 =>  210801,  13, 000411
31 03:57, 150101 =>  120101,  67, 000242
31 04:05, 150101 =>  021401,   9, 000821
31 04:45, 130101 =>  220101,  46, 000863
31 04:52, 040101 =>  080101,   8, 000960
31 05:46, 150101 =>  100501,  63, 000636
31 05:57, 040101 =>  081001,  13, 000567
31 06:17, 130101 =>  130501,  22, 000891
31 07:17, 040101 =>  211101,  70, 000074
31 07:18, 150101 =>  120301,   1, 000127
31 07:38, 150101 =>  020501,  23, 000599
31 08:16, 150101 =>  020901,  44, 000901
31 08:29, 150101 =>  110201,  15, 000820
31 09:32, 150101 =>  020501,  73, 000649
31 10:34, 040101 =>  050801,  71, 000383
31 10:52, 150101 =>  110201,  21, 000314
31 10:55, 150101 =>  190101,   3, 000073
31 11:42, 150101 =>  120501,  55, 000548
31 12:12, 150101 =>  021201,  34, 000713
31 12:40, 150101 =>  090501,  33, 000123
31 13:27, 150101 =>  090601,  54, 000965
31 13:52, 150101 =>  120701,  29, 000246
31 13:58, 150101 =>  100701,   6, 000822
31 14:29, 150101 =>  110501,  36, 000251
31 14:48, 130101 =>  010701,  22, 000627
31 14:56, 040101 =>  030101,   9, 000172
31 15:21, 150101 =>  020601,  29, 000087
31 15:37, 130101 =>  060201,  19, 000145
31 15:40, 040101 =>  050701,   3, 000187
31 15:47, 130101 =>  240201,   8, 000980
31 16:24, 130101 =>  200701,  43, 000795
31 16:30, 150101 =>  021501,   7, 000034
31 17:00, 130101 =>  061201,  35, 000114
31 17:33, 040101 =>  080301,  38, 000431
31 17:45, 150101 =>  101001,  13, 000501
31 17:47, 150101 =>  020901,   3, 000096
31 17:52, 130101 =>  130901,   6, 000760
31 17:59, 150101 =>  100101,   8, 000635
31 18:03, 130101 =>  200401,   4, 000714
31 18:15, 150101 =>  090201,  14, 000380
31 18:32, 040101 =>  080301,  20, 000453
31 18:39, 150101 =>  120401,   8, 000033
31 18:51, 130101 =>  220401,  14, 000611
31 19:10, 040101 =>  051001,  22, 000840
31 19:15, 150101 =>  190301,   5, 000818
31 19:21, 040101 =>  030401,   7, 000245
31 19:24, 040101 =>  230301,   4, 000056
31 19:29, 150101 =>  190201,   5, 000134
31 19:32, 150101 =>  100301,   4, 000674
