01 01:58, 040101 =>  050401,  87, 000657
01 02:35, 150101 =>  110501,  27, 000909
01 02:49, 040101 =>  040801,  10, 000779
01 03:19, 150101 =>  120601,  22, 000400
01 03:50, 040101 =>  030501,  23, 000628
01 04:48, 130101 =>  140101,  42, 000185
01 07:05, 150101 =>  120101, 100, 000226
01 09:01, 150101 =>  190201,  85, 000056
01 10:04, 150101 =>  090101,  46, 000208
01 11:13, 150101 =>  070101,  51, 000639
01 11:37, 150101 =>  090201,  17, 000234
01 12:22, 130101 =>  200701,  33, 000900
01 12:50, 130101 =>  060301,  21, 000427
01 14:00, 040101 =>  051101,  51, 000260
01 14:51, 150101 =>  120501,  37, 000587
01 15:02, 130101 =>  060601,   8, 000552
01 15:29, 130101 =>  220201,  20, 000987
01 15:48, 150101 =>  150401,  14, 000018
01 16:10, 150101 =>  120601,  16, 000534
01 16:37, 150101 =>  150401,  20, 000977
01 16:47, 130101 =>  130901,   7, 000849
01 17:15, 040101 =>  250101,  21, 000796
01 17:26, 130101 =>  131201,   8, 000455
01 17:30, 150101 =>  100901,   3, 000697
01 17:54, 040101 =>  030401,  17, 000651
01 18:16, 130101 =>  160301,  16, 000551
01 18:32, 150101 =>  020401,  12, 000888
01 18:51, 040101 =>  210901,  14, 000590
01 19:02, 150101 =>  150301,   8, 000564
01 19:09, 040101 =>  040201,   5, 000105
01 19:14, 150101 =>  120301,   4, 000914
01 19:24, 150101 =>  190201,   7, 000889
01 19:32, 150101 =>  021001,   6, 000370
01 19:36, 150101 =>  150601,   3, 000472
01 19:42, 130101 =>  131201,   4, 000579
01 19:44, 150101 =>  101101,   2, 000112
01 20:01, 040101 =>  080701,  12, 000921
02 01:17, 040101 =>  030601,  58, 000783
02 02:05, 150101 =>  090501,  36, 000750
02 03:16, 130101 =>  160401,  53, 000352
02 03:57, 040101 =>  080101,  31, 000693
02 05:14, 150101 =>  101101,  58, 000219
02 06:09, 150101 =>  101001,  41, 000840
02 07:00, 130101 =>  221001,  38, 000593
02 07:44, 150101 =>  100901,  33, 000732
02 09:08, 150101 =>  021801,  63, 000683
02 09:13, 130101 =>  220401,   4, 000250
02 10:14, 040101 =>  081101,  46, 000774
02 11:14, 150101 =>  100801,  45, 000027
02 11:32, 130101 =>  010201,  13, 000902
02 13:00, 150101 =>  021301,  66, 000883
02 13:42, 150101 =>  110501,  32, 000874
02 13:52, 150101 =>  090101,   7, 000023
02 14:42, 040101 =>  050601,  38, 000730
02 15:02, 150101 =>  090601,  15, 000912
02 15:06, 040101 =>  050801,   3, 000524
02 15:10, 040101 =>  250201,   3, 000311
02 15:37, 130101 =>  160401,  20, 000837
02 15:44, 040101 =>  050301,   5, 000936
02 16:16, 150101 =>  120501,  24, 000098
02 16:45, 150101 =>  120701,  22, 000016
02 16:52, 040101 =>  080601,   5, 000471
02 17:13, 130101 =>  200201,  16, 000650
02 17:21, 150101 =>  022001,   6, 000459
02 17:34, 150101 =>  021901,  10, 000678
02 18:00, 040101 =>  030701,  19, 000690
02 18:16, 130101 =>  131101,  12, 000022
02 18:21, 130101 =>  220501,   4, 000566
02 18:26, 040101 =>  180201,   4, 000619
02 18:44, 040101 =>  210401,  13, 000733
02 18:53, 150101 =>  090401,   7, 000289
02 19:17, 040101 =>  050101,  18, 000599
02 19:26, 150101 =>  120301,   7, 000787
02 19:34, 150101 =>  021601,   6, 000064
02 19:40, 150101 =>  100101,   4, 000136
02 19:45, 150101 =>  190201,   4, 000636
02 19:50, 150101 =>  070101,   4, 000021
03 01:16, 150101 =>  190201,  57, 000498
03 02:02, 130101 =>  131001,  34, 000118
03 03:37, 150101 =>  020401,  70, 000626
03 04:21, 040101 =>  180101,  33, 000409
03 04:30, 040101 =>  170201,   6, 000978
03 05:30, 150101 =>  090401,  45, 000228
03 05:48, 150101 =>  100401,  13, 000834
03 07:26, 150101 =>  020901,  73, 000801
03 08:43, 150101 =>  100701,  57, 000657
03 09:40, 150101 =>  070101,  42, 000671
03 10:30, 150101 =>  020901,  37, 000777
03 11:05, 150101 =>  150401,  26, 000074
03 11:28, 150101 =>  021301,  17, 000717
03 11:39, 150101 =>  020601,   8, 000100
03 12:06, 130101 =>  140101,  20, 000246
03 12:31, 130101 =>  061001,  19, 000605
03 13:20, 130101 =>  200101,  36, 000097
03 13:39, 130101 =>  220101,  14, 000938
03 13:48, 150101 =>  021801,   7, 000648
03 14:14, 130101 =>  200301,  19, 000279
03 15:23, 040101 =>  211001,  51, 000399
03 16:36, 040101 =>  050901,  54, 000881
03 16:44, 040101 =>  080701,   6, 000015
03 16:59, 150101 =>  090701,  11, 000271
03 17:04, 150101 =>  020101,   4, 000591
03 17:34, 040101 =>  170301,  22, 000510
03 17:57, 040101 =>  050801,  17, 000140
03 18:09, 040101 =>  050301,   9, 000681
03 18:14, 130101 =>  060901,   4, 000982
03 18:18, 150101 =>  120301,   3, 000100
03 18:33, 130101 =>  130501,  11, 000993
03 18:43, 150101 =>  090601,   7, 000489
03 18:51, 150101 =>  020701,   6, 000106
03 18:56, 150101 =>  150201,   4, 000143
03 19:06, 130101 =>  061001,   7, 000291
03 19:31, 040101 =>  210501,  19, 000358
03 19:33, 150101 =>  100701,   1, 000403
04 00:40, 040101 =>  180201,  30, 000261
04 02:20, 040101 =>  210101,  75, 000171
04 04:04, 150101 =>  021601,  78, 000362
04 04:54, 130101 =>  240101,  38, 000505
04 05:36, 150101 =>  021701,  31, 000552
04 05:48, 040101 =>  250101,   9, 000074
04 06:17, 150101 =>  150201,  22, 000577
04 07:28, 150101 =>  021701,  53, 000208
04 08:30, 150101 =>  120701,  47, 000315
04 09:34, 150101 =>  190301,  48, 000421
04 10:34, 130101 =>  131101,  45, 000130
04 10:38, 040101 =>  211201,   3, 000023
04 10:48, 130101 =>  220401,   7, 000988
04 11:01, 130101 =>  130501,  10, 000145
04 11:26, 130101 =>  061201,  19, 000619
04 11:56, 150101 =>  090601,  22, 000568
04 12:17, 040101 =>  080901,  16, 000511
04 12:44, 130101 =>  131101,  20, 000982
04 13:37, 040101 =>  210801,  40, 000409
04 14:21, 150101 =>  150501,  33, 000938
04 14:42, 130101 =>  220601,  16, 000440
04 15:05, 040101 =>  210401,  17, 000690
04 15:36, 150101 =>  190201,  23, 000886
04 16:22, 150101 =>  090201,  35, 000362
04 16:41, 130101 =>  130601,  14, 000735
04 16:46, 040101 =>  210201,   4, 000364
04 17:20, 150101 =>  021001,  25, 000805
04 17:26, 130101 =>  200301,   5, 000503
04 17:36, 130101 =>  200201,   7, 000241
04 18:05, 150101 =>  110501,  22, 000938
04 18:48, 040101 =>  030601,  32, 000543
04 19:13, 150101 =>  100301,  19, 000439
04 19:18, 130101 =>  060301,   4, 000445
04 19:33, 150101 =>  120601,  11, 000392
04 20:01, 040101 =>  211301,  21, 000743
04 20:10, 150101 =>  100101,   7, 000514
04 20:16, 150101 =>  150201,   4, 000161
04 20:24, 150101 =>  190101,   6, 000244
04 20:37, 040101 =>  050101,  10, 000626
04 20:44, 150101 =>  120901,   5, 000075
04 20:58, 040101 =>  051001,  11, 000517
04 21:09, 040101 =>  210201,   8, 000460
04 21:10, 150101 =>  021301,   1, 000223
05 01:01, 150101 =>  090401,  46, 000422
05 01:09, 150101 =>  190201,   6, 000046
05 02:18, 130101 =>  160301,  52, 000459
05 03:12, 040101 =>  081301,  40, 000802
05 04:14, 040101 =>  230401,  47, 000902
05 05:56, 150101 =>  150501,  76, 000268
05 07:05, 150101 =>  070101,  52, 000268
05 07:14, 130101 =>  200401,   7, 000116
05 08:37, 040101 =>  050801,  62, 000548
05 08:42, 040101 =>  230301,   4, 000651
05 09:24, 040101 =>  081001,  31, 000797
05 10:02, 040101 =>  080501,  29, 000880
05 10:18, 040101 =>  230101,  12, 000930
05 10:36, 040101 =>  050701,  13, 000196
05 10:58, 130101 =>  010301,  17, 000789
05 11:09, 040101 =>  210301,   8, 000562
05 11:34, 130101 =>  200601,  19, 000905
05 13:33, 150101 =>  120701,  89, 000176
05 14:38, 150101 =>  020401,  49, 000618
05 15:29, 150101 =>  100201,  38, 000906
05 15:48, 040101 =>  170301,  14, 000869
05 16:06, 130101 =>  160501,  14, 000464
05 16:17, 040101 =>  210601,   8, 000853
05 16:46, 130101 =>  061101,  22, 000375
05 17:00, 040101 =>  040801,  10, 000817
05 17:29, 150101 =>  021801,  22, 000220
05 17:40, 130101 =>  130701,   8, 000634
05 17:46, 040101 =>  081101,   5, 000000
05 18:29, 150101 =>  021401,  32, 000306
05 19:05, 150101 =>  090401,  27, 000279
05 19:10, 040101 =>  030501,   4, 000305
05 19:32, 150101 =>  090201,  16, 000946
05 19:36, 040101 =>  050401,   3, 000247
05 19:56, 150101 =>  020401,  15, 000874
05 20:01, 040101 =>  051101,   4, 000931
05 20:13, 150101 =>  021101,   9, 000753
05 20:20, 130101 =>  061301,   5, 000995
05 20:25, 150101 =>  100501,   4, 000019
05 20:30, 130101 =>  130601,   4, 000469
05 20:36, 150101 =>  100901,   4, 000351
05 20:41, 130101 =>  130601,   4, 000630
05 20:42, 040101 =>  080901,   1, 000796
05 20:48, 150101 =>  101001,   4, 000896
06 00:07, 150101 =>  021901,   6, 000514
06 00:54, 150101 =>  021401,  36, 000958
06 02:00, 040101 =>  250201,  51, 000090
06 03:02, 130101 =>  010201,  47, 000567
06 04:21, 150101 =>  100901,  61, 000876
06 04:25, 040101 =>  080201,   3, 000355
06 05:56, 040101 =>  211201,  70, 000212
06 08:04, 150101 =>  090601,  99, 000889
06 09:26, 150101 =>  110101,  63, 000849
06 10:11, 040101 =>  210501,  34, 000565
06 10:22, 130101 =>  200401,   9, 000832
06 11:04, 040101 =>  050601,  32, 000895
06 11:44, 130101 =>  240301,  31, 000045
06 11:49, 150101 =>  100601,   4, 000503
06 13:22, 150101 =>  150401,  71, 000201
06 13:49, 150101 =>  120501,  21, 000584
06 14:07, 150101 =>  100301,  14, 000710
06 14:45, 150101 =>  090101,  29, 000908
06 15:06, 150101 =>  150801,  16, 000279
06 15:51, 040101 =>  250301,  35, 000849
06 16:18, 040101 =>  210901,  21, 000652
06 16:28, 130101 =>  140201,   7, 000812
06 17:00, 150101 =>  020501,  25, 000449
06 17:40, 130101 =>  221001,  31, 000051
06 18:10, 130101 =>  130201,  23, 000996
06 18:15, 040101 =>  030301,   4, 000348
06 18:39, 040101 =>  030101,  18, 000240
06 18:44, 040101 =>  210201,   4, 000704
06 19:02, 150101 =>  120601,  14, 000643
06 19:18, 150101 =>  021601,  12, 000991
06 19:33, 150101 =>  150201,  12, 000085
06 19:48, 040101 =>  030401,  11, 000017
06 19:52, 040101 =>  210101,   3, 000007
06 19:57, 040101 =>  050501,   4, 000087
06 20:03, 040101 =>  080201,   5, 000408
06 20:18, 130101 =>  010601,  11, 000210
06 20:22, 040101 =>  210701,   3, 000735
06 20:32, 130101 =>  220901,   8, 000943
06 20:37, 040101 =>  230401,   4, 000751
06 20:42, 150101 =>  100101,   4, 000567
06 20:49, 150101 =>  120501,   5, 000047
06 20:57, 150101 =>  150601,   6, 000254
06 21:04, 130101 =>  060501,   6, 000841
06 21:11, 130101 =>  131001,   5, 000975
06 21:16, 150101 =>  020901,   4, 000774
07 00:20, 150101 =>  021901,  16, 000513
07 00:31, 130101 =>  160101,   8, 000376
07 01:34, 130101 =>  160601,  49, 000149
07 01:40, 040101 =>  250201,   4, 000999
07 02:55, 040101 =>  050101,  58, 000289
07 04:27, 040101 =>  210501,  71, 000752
07 04:43, 150101 =>  021601,  12, 000255
07 05:09, 040101 =>  040301,  20, 000637
07 05:34, 040101 =>  080401,  19, 000800
07 06:09, 040101 =>  250201,  27, 000128
07 06:50, 040101 =>  211101,  32, 000580
07 08:46, 150101 =>  020201,  89, 000559
07 08:59, 040101 =>  080501,  10, 000950
07 09:04, 040101 =>  051001,   4, 000459
07 09:35, 150101 =>  020601,  24, 000105
07 10:04, 130101 =>  200701,  22, 000693
07 10:42, 150101 =>  100501,  29, 000866
07 10:48, 040101 =>  051001,   5, 000945
07 11:01, 150101 =>  190101,  10, 000137
07 11:39, 130101 =>  220101,  29, 000132
07 11:48, 040101 =>  250401,   7, 000267
07 12:06, 040101 =>  050601,  14, 000118
07 12:43, 130101 =>  160701,  28, 000267
07 14:02, 150101 =>  120501,  61, 000411
07 14:06, 040101 =>  050901,   3, 000509
07 14:19, 150101 =>  120601,  10, 000865
07 14:47, 130101 =>  060801,  22, 000969
07 16:25, 150101 =>  090101,  75, 000165
07 17:07, 150101 =>  150601,  32, 000581
07 17:21, 150101 =>  100301,  11, 000987
07 17:33, 040101 =>  080401,   9, 000207
07 17:51, 150101 =>  190101,  14, 000975
07 18:01, 130101 =>  010101,   8, 000346
07 18:09, 040101 =>  030701,   6, 000212
07 18:35, 150101 =>  100501,  20, 000801
07 18:45, 130101 =>  240101,   8, 000217
07 18:53, 040101 =>  230201,   6, 000594
07 19:05, 130101 =>  220501,   9, 000198
07 19:28, 150101 =>  020501,  18, 000843
07 19:32, 040101 =>  230301,   3, 000938
07 19:37, 040101 =>  030401,   4, 000918
07 19:40, 040101 =>  250201,   2, 000840
07 19:45, 150101 =>  090701,   4, 000003
08 00:07, 130101 =>  060401,   6, 000177
08 01:16, 130101 =>  220401,  53, 000843
08 02:23, 040101 =>  180101,  51, 000667
08 03:47, 040101 =>  030201,  65, 000489
08 04:56, 150101 =>  110301,  53, 000486
08 05:00, 150101 =>  120801,   3, 000323
08 05:49, 130101 =>  240201,  38, 000764
08 07:01, 150101 =>  190301,  55, 000375
08 07:23, 150101 =>  100901,  17, 000235
08 08:16, 150101 =>  100401,  41, 000665
08 10:08, 150101 =>  110301,  86, 000841
08 11:21, 150101 =>  190201,  56, 000552
08 12:15, 040101 =>  230201,  42, 000861
08 12:43, 040101 =>  040201,  21, 000599
08 13:00, 130101 =>  130201,  13, 000457
08 13:09, 040101 =>  050901,   7, 000698
08 13:32, 150101 =>  110101,  18, 000651
08 13:48, 150101 =>  100201,  12, 000983
08 14:16, 150101 =>  150801,  22, 000242
08 15:00, 040101 =>  080201,  34, 000263
08 15:07, 040101 =>  180301,   5, 000875
08 15:52, 150101 =>  021801,  35, 000104
08 16:08, 150101 =>  110401,  12, 000250
08 16:29, 040101 =>  040501,  16, 000243
08 16:34, 150101 =>  090101,   4, 000193
08 16:55, 130101 =>  160201,  16, 000877
08 17:04, 040101 =>  170201,   7, 000418
08 17:21, 150101 =>  021001,  13, 000043
08 17:44, 130101 =>  200701,  18, 000101
08 18:09, 150101 =>  120101,  19, 000965
08 18:18, 130101 =>  200201,   7, 000883
08 18:47, 150101 =>  021601,  22, 000467
08 19:05, 150101 =>  110401,  14, 000007
08 19:18, 150101 =>  090701,  10, 000550
08 19:24, 150101 =>  021501,   5, 000469
08 19:31, 150101 =>  100801,   5, 000516
08 19:52, 130101 =>  140301,  16, 000157
08 20:09, 130101 =>  010101,  13, 000122
08 20:33, 040101 =>  210701,  19, 000350
08 20:38, 150101 =>  110501,   4, 000607
08 20:41, 150101 =>  090201,   2, 000012
08 20:48, 040101 =>  230301,   5, 000932
08 20:54, 130101 =>  200701,   5, 000014
09 01:29, 040101 =>  170101,  71, 000340
09 02:47, 150101 =>  120701,  61, 000686
09 03:27, 150101 =>  100101,  32, 000081
09 04:12, 150101 =>  021201,  35, 000456
09 04:58, 040101 =>  080601,  37, 000532
09 05:17, 150101 =>  100901,  15, 000374
09 06:09, 130101 =>  131101,  41, 000545
09 06:25, 040101 =>  250301,  12, 000576
09 06:36, 130101 =>  160601,   9, 000548
09 07:10, 040101 =>  050601,  27, 000642
09 08:35, 150101 =>  150601,  67, 000114
09 09:17, 150101 =>  120501,  33, 000847
09 09:43, 150101 =>  020301,  21, 000368
09 10:19, 150101 =>  021701,  28, 000984
09 10:33, 130101 =>  160401,  11, 000976
09 11:10, 150101 =>  101101,  29, 000676
09 11:35, 150101 =>  022001,  20, 000851
09 11:46, 040101 =>  050501,   9, 000437
09 12:22, 040101 =>  180201,  28, 000899
09 12:46, 150101 =>  090501,  19, 000923
09 13:28, 150101 =>  100701,  33, 000284
09 13:44, 040101 =>  080301,  13, 000874
09 14:18, 150101 =>  090601,  27, 000278
09 14:27, 130101 =>  220101,   7, 000450
09 14:53, 150101 =>  120101,  20, 000533
09 14:58, 150101 =>  100401,   4, 000534
09 15:24, 130101 =>  221001,  21, 000042
09 15:48, 150101 =>  020901,  19, 000462
09 16:10, 150101 =>  020501,  17, 000543
09 16:15, 150101 =>  090501,   4, 000653
09 16:19, 150101 =>  120701,   3, 000594
09 16:26, 150101 =>  100901,   6, 000041
09 16:34, 150101 =>  190101,   6, 000420
09 17:18, 040101 =>  211301,  35, 000032
09 18:04, 130101 =>  060701,  36, 000835
09 18:28, 130101 =>  140301,  19, 000300
09 18:52, 040101 =>  050501,  19, 000475
09 19:02, 150101 =>  020301,   8, 000716
09 19:07, 150101 =>  100101,   4, 000602
09 19:13, 150101 =>  020201,   5, 000618
09 19:31, 130101 =>  130301,  14, 000230
09 19:32, 150101 =>  020501,   1, 000038
10 01:03, 150101 =>  100801,  50, 000297
10 02:09, 150101 =>  110101,  52, 000527
10 02:54, 040101 =>  210901,  36, 000667
10 04:17, 040101 =>  050901,  65, 000799
10 05:17, 040101 =>  170301,  48, 000377
10 06:55, 150101 =>  020801,  77, 000698
10 07:29, 130101 =>  220701,  27, 000104
10 08:27, 150101 =>  150701,  46, 000341
10 09:49, 150101 =>  190301,  64, 000874
10 10:30, 150101 =>  090101,  33, 000030
10 11:20, 150101 =>  150301,  39, 000200
10 12:02, 150101 =>  100601,  33, 000363
10 12:26, 130101 =>  060201,  19, 000389
10 13:09, 150101 =>  120501,  34, 000101
10 13:43, 150101 =>  100501,  27, 000547
10 13:50, 150101 =>  020401,   6, 000062
10 14:01, 040101 =>  030401,   8, 000503
10 14:55, 040101 =>  040401,  43, 000397
10 15:00, 150101 =>  100701,   4, 000305
10 15:15, 150101 =>  020201,  12, 000287
10 15:31, 150101 =>  021301,  12, 000003
10 15:44, 150101 =>  020201,  11, 000620
10 16:25, 040101 =>  250101,  32, 000474
10 17:27, 130101 =>  200101,  49, 000042
10 17:33, 040101 =>  030201,   5, 000510
10 17:45, 150101 =>  020901,   9, 000053
10 17:50, 150101 =>  150201,   4, 000266
10 18:16, 130101 =>  160101,  21, 000812
10 18:23, 150101 =>  090101,   5, 000759
10 18:27, 150101 =>  021901,   3, 000575
10 18:58, 040101 =>  081301,  25, 000648
11 00:20, 150101 =>  020301,  16, 000654
11 01:55, 040101 =>  040401,  76, 000488
11 02:45, 150101 =>  022001,  40, 000683
11 03:56, 040101 =>  230201,  57, 000885
11 04:05, 150101 =>  150501,   7, 000912
11 04:40, 130101 =>  140201,  28, 000835
11 05:35, 130101 =>  140101,  44, 000813
11 05:57, 040101 =>  030501,  18, 000589
11 06:33, 130101 =>  160701,  29, 000652
11 07:05, 130101 =>  060601,  25, 000570
11 07:57, 150101 =>  110501,  42, 000311
11 08:11, 130101 =>  200801,  11, 000518
11 08:33, 150101 =>  110501,  18, 000235
11 09:30, 040101 =>  210201,  45, 000962
11 09:46, 130101 =>  010301,  13, 000550
11 11:25, 150101 =>  022001,  79, 000438
11 11:37, 150101 =>  100101,  10, 000242
11 12:07, 040101 =>  080701,  24, 000436
11 13:05, 150101 =>  100201,  46, 000983
11 14:27, 150101 =>  021401,  66, 000541
11 14:36, 040101 =>  040601,   7, 000446
11 15:01, 150101 =>  100101,  20, 000699
11 15:37, 040101 =>  030401,  29, 000728
11 15:42, 040101 =>  050201,   4, 000244
11 16:05, 040101 =>  050301,  18, 000762
11 16:21, 130101 =>  060601,  13, 000294
11 16:33, 150101 =>  021401,  10, 000942
11 16:45, 040101 =>  080501,   9, 000961
11 17:31, 150101 =>  020501,  37, 000465
11 17:45, 150101 =>  120101,  11, 000714
11 18:01, 150101 =>  120101,  13, 000241
11 18:13, 130101 =>  220301,  10, 000830
11 18:33, 150101 =>  021901,  16, 000940
11 18:50, 150101 =>  100301,  13, 000514
11 18:55, 040101 =>  080801,   4, 000259
11 19:05, 040101 =>  210901,   8, 000606
11 19:12, 130101 =>  131101,   6, 000458
11 19:47, 150101 =>  100201,  28, 000161
11 20:01, 130101 =>  200701,  11, 000408
11 20:05, 040101 =>  080801,   3, 000405
11 20:25, 150101 =>  100401,  16, 000421
11 20:35, 130101 =>  240201,   8, 000644
11 20:41, 130101 =>  160201,   5, 000684
11 20:52, 150101 =>  151001,   9, 000329
11 20:58, 040101 =>  030201,   5, 000925
11 21:02, 130101 =>  060401,   3, 000813
11 21:07, 130101 =>  061001,   4, 000135
11 21:12, 040101 =>  250301,   4, 000657
11 21:26, 150101 =>  090601,  11, 000375
11 21:31, 040101 =>  050801,   4, 000699
12 01:21, 150101 =>  110501,  65, 000454
12 03:22, 150101 =>  120301,  97, 000184
12 03:33, 040101 =>  050301,   9, 000628
12 04:40, 130101 =>  220901,  53, 000710
12 06:06, 040101 =>  040401,  69, 000126
12 06:11, 150101 =>  021201,   4, 000126
12 06:23, 130101 =>  220501,  10, 000451
12 06:51, 150101 =>  101101,  22, 000685
12 07:16, 130101 =>  010101,  20, 000726
12 08:33, 040101 =>  080901,  62, 000661
12 09:08, 150101 =>  090301,  28, 000966
12 09:43, 150101 =>  120301,  28, 000937
12 10:31, 040101 =>  050901,  38, 000846
12 10:35, 130101 =>  061001,   3, 000004
12 10:38, 040101 =>  030101,   3, 000561
12 10:45, 150101 =>  020101,   5, 000408
12 12:08, 150101 =>  190301,  67, 000565
12 12:45, 130101 =>  060401,  29, 000310
12 13:02, 150101 =>  150801,  14, 000078
12 14:01, 150101 =>  190301,  47, 000079
12 14:31, 150101 =>  090301,  24, 000742
12 14:38, 150101 =>  150601,   6, 000635
12 15:10, 040101 =>  211101,  25, 000943
12 15:26, 150101 =>  101101,  13, 000699
12 15:52, 150101 =>  100601,  21, 000922
12 16:02, 040101 =>  030601,   8, 000199
12 16:22, 150101 =>  120501,  16, 000663
12 16:27, 040101 =>  210501,   4, 000674
12 16:47, 150101 =>  100201,  16, 000747
12 17:20, 130101 =>  200201,  26, 000624
12 17:37, 150101 =>  090201,  14, 000896
12 17:51, 150101 =>  021501,  11, 000477
12 17:58, 150101 =>  100601,   6, 000612
12 18:26, 130101 =>  160501,  22, 000995
12 18:31, 150101 =>  150201,   4, 000989
12 18:40, 130101 =>  130601,   7, 000819
12 18:46, 150101 =>  110301,   5, 000461
12 19:01, 040101 =>  050101,  12, 000235
12 19:07, 130101 =>  140301,   5, 000701
12 19:35, 040101 =>  180101,  22, 000029
12 19:47, 040101 =>  050301,  10, 000681
12 19:53, 150101 =>  020101,   5, 000618
12 20:06, 130101 =>  200801,  10, 000835
12 20:10, 150101 =>  150901,   3, 000904
12 20:15, 150101 =>  090401,   4, 000700
12 20:22, 040101 =>  080501,   6, 000785
13 00:34, 130101 =>  200401,  28, 000980
13 01:42, 150101 =>  090101,  55, 000785
13 03:03, 150101 =>  020401,  66, 000412
13 04:52, 150101 =>  150401,  88, 000105
13 05:24, 040101 =>  250101,  26, 000691
13 06:50, 150101 =>  110301,  70, 000238
13 07:26, 040101 =>  210501,  29, 000039
13 08:35, 040101 =>  080801,  56, 000934
13 09:16, 130101 =>  140201,  33, 000807
13 09:54, 150101 =>  101101,  31, 000911
13 10:24, 150101 =>  020101,  24, 000463
13 11:02, 040101 =>  080801,  31, 000109
13 11:24, 130101 =>  060801,  18, 000438
13 11:30, 150101 =>  151001,   5, 000448
13 11:55, 150101 =>  120801,  20, 000149
13 12:48, 040101 =>  170101,  43, 000768
13 13:26, 150101 =>  020801,  31, 000393
13 13:41, 040101 =>  080901,  12, 000750
13 14:17, 150101 =>  021601,  29, 000588
13 14:41, 150101 =>  120501,  20, 000749
13 14:46, 040101 =>  030601,   4, 000949
13 15:12, 130101 =>  140101,  21, 000067
13 15:27, 150101 =>  120601,  12, 000402
13 15:47, 150101 =>  110401,  16, 000795
13 16:09, 150101 =>  120501,  18, 000126
13 16:27, 150101 =>  101001,  15, 000967
13 16:34, 150101 =>  150901,   5, 000447
13 17:14, 040101 =>  030501,  33, 000059
13 17:23, 150101 =>  100401,   7, 000546
13 17:28, 130101 =>  130401,   4, 000781
13 17:54, 040101 =>  230201,  21, 000520
13 17:57, 150101 =>  021101,   3, 000325
13 18:20, 040101 =>  080901,  18, 000012
13 18:25, 150101 =>  100701,   4, 000123
13 18:38, 130101 =>  160801,  11, 000207
13 18:46, 150101 =>  150401,   6, 000964
13 18:58, 040101 =>  040701,  10, 000856
13 19:03, 150101 =>  020201,   4, 000197
14 00:26, 040101 =>  080201,  22, 000137
14 01:28, 150101 =>  150601,  51, 000574
14 01:49, 130101 =>  240101,  17, 000327
14 03:25, 040101 =>  080601,  79, 000898
14 04:00, 150101 =>  190301,  29, 000197
14 06:01, 150101 =>  101001,  99, 000036
14 07:20, 040101 =>  040501,  65, 000860
14 07:30, 150101 =>  090301,   8, 000026
14 08:01, 150101 =>  150701,  26, 000710
14 08:15, 150101 =>  022001,  11, 000229
14 09:03, 150101 =>  020501,  40, 000357
14 09:18, 130101 =>  060401,  12, 000111
14 09:37, 040101 =>  040601,  16, 000084
14 10:55, 150101 =>  120701,  64, 000798
14 11:52, 130101 =>  130501,  47, 000734
14 12:24, 130101 =>  060701,  26, 000527
14 12:28, 130101 =>  200401,   3, 000057
14 13:21, 150101 =>  150801,  44, 000974
14 13:53, 130101 =>  060501,  26, 000608
14 14:53, 150101 =>  021801,  49, 000166
14 15:03, 150101 =>  020901,   9, 000675
14 15:11, 040101 =>  211201,   6, 000254
14 15:51, 040101 =>  210801,  33, 000272
14 16:07, 040101 =>  170101,  13, 000813
14 16:16, 130101 =>  010301,   8, 000863
14 16:51, 150101 =>  100701,  28, 000144
14 16:58, 130101 =>  200701,   6, 000863
14 17:21, 130101 =>  061201,  19, 000879
14 17:49, 040101 =>  050601,  23, 000789
14 18:10, 130101 =>  130501,  17, 000105
14 18:16, 130101 =>  060701,   5, 000409
14 18:28, 040101 =>  211001,  10, 000154
14 18:33, 040101 =>  051001,   4, 000308
14 18:46, 040101 =>  030701,  11, 000028
14 19:01, 150101 =>  110201,  12, 000698
14 19:09, 040101 =>  080101,   7, 000790
14 19:20, 130101 =>  130301,   9, 000465
14 19:31, 150101 =>  090601,   9, 000226
14 19:42, 150101 =>  020901,   9, 000316
14 19:46, 040101 =>  250401,   3, 000739
14 19:54, 040101 =>  051001,   7, 000986
14 20:00, 130101 =>  160101,   5, 000759
14 20:08, 130101 =>  130801,   6, 000050
14 20:15, 150101 =>  020701,   6, 000174
14 20:21, 150101 =>  100601,   5, 000157
14 20:26, 130101 =>  010401,   4, 000509
14 20:34, 150101 =>  100901,   7, 000427
14 20:39, 150101 =>  020801,   4, 000597
14 20:45, 040101 =>  050901,   5, 000861
14 20:49, 040101 =>  050201,   3, 000932
14 20:58, 150101 =>  090601,   7, 000367
14 21:02, 130101 =>  220801,   4, 000997
15 01:22, 040101 =>  030101,  69, 000019
15 01:56, 130101 =>  130501,  28, 000246
15 03:34, 150101 =>  150201,  82, 000443
15 04:01, 150101 =>  090301,  22, 000684
15 05:02, 150101 =>  020201,  51, 000350
15 05:04, 150101 =>  100201,   2, 000012
15 05:55, 040101 =>  051001,  42, 000357
15 06:49, 150101 =>  022001,  45, 000009
15 07:19, 150101 =>  020801,  25, 000378
15 08:04, 040101 =>  080601,  38, 000504
15 09:00, 040101 =>  050901,  46, 000698
15 09:20, 150101 =>  020801,  17, 000842
15 09:55, 040101 =>  080301,  29, 000569
15 10:46, 150101 =>  110201,  43, 000840
15 11:14, 130101 =>  160701,  23, 000687
15 11:54, 040101 =>  210201,  33, 000634
15 12:46, 150101 =>  090701,  44, 000975
15 13:42, 130101 =>  220701,  46, 000058
15 13:58, 150101 =>  020401,  14, 000600
15 14:50, 150101 =>  110501,  43, 000290
15 15:00, 150101 =>  100501,   8, 000108
15 15:46, 150101 =>  021701,  39, 000873
15 16:28, 150101 =>  100101,  35, 000357
15 16:49, 150101 =>  100401,  17, 000589
15 16:52, 150101 =>  120701,   3, 000779
15 17:06, 040101 =>  040201,  11, 000536
15 17:16, 150101 =>  020401,   9, 000272
15 17:56, 130101 =>  130801,  33, 000744
15 18:09, 150101 =>  150301,  11, 000682
15 18:15, 040101 =>  170201,   5, 000397
15 18:31, 040101 =>  081301,  13, 000410
15 18:42, 150101 =>  100501,   9, 000449
15 18:51, 150101 =>  190301,   8, 000938
15 19:04, 040101 =>  050201,  11, 000238
15 19:10, 150101 =>  100201,   5, 000307
15 19:15, 040101 =>  080401,   4, 000355
15 19:21, 150101 =>  021701,   5, 000087
15 19:28, 040101 =>  050501,   6, 000991
15 19:33, 150101 =>  090601,   4, 000914
15 20:03, 130101 =>  221001,  25, 000974
15 20:24, 130101 =>  130601,  17, 000006
15 20:26, 150101 =>  120101,   2, 000357
15 20:33, 130101 =>  061101,   6, 000320
15 20:40, 130101 =>  061301,   6, 000582
16 01:49, 040101 =>  040701,  90, 000282
16 03:00, 130101 =>  160401,  58, 000630
16 03:59, 040101 =>  080801,  49, 000166
16 04:34, 040101 =>  230401,  29, 000380
16 05:26, 040101 =>  081001,  42, 000346
16 05:30, 130101 =>  220201,   4, 000221
16 06:03, 150101 =>  101101,  27, 000474
16 06:15, 150101 =>  020701,  10, 000692
16 07:35, 150101 =>  020201,  65, 000678
16 07:59, 040101 =>  040301,  20, 000092
16 08:55, 130101 =>  240301,  46, 000949
16 09:57, 150101 =>  020201,  51, 000643
16 11:40, 150101 =>  021001,  85, 000292
16 13:31, 150101 =>  021401,  91, 000968
16 13:35, 130101 =>  010101,   3, 000207
16 14:46, 150101 =>  100901,  59, 000847
16 15:21, 040101 =>  050801,  28, 000591
16 15:24, 040101 =>  250201,   3, 000651
16 15:55, 130101 =>  160101,  25, 000596
16 16:14, 040101 =>  210901,  16, 000513
16 16:36, 130101 =>  131201,  18, 000234
16 17:27, 150101 =>  021101,  42, 000703
16 18:01, 150101 =>  020701,  28, 000352
16 18:05, 040101 =>  210301,   3, 000193
16 18:15, 130101 =>  160101,   8, 000576
16 18:19, 040101 =>  030201,   4, 000171
16 18:52, 150101 =>  150301,  27, 000697
16 19:00, 040101 =>  180301,   6, 000203
16 19:13, 040101 =>  210901,  11, 000342
16 19:35, 130101 =>  010501,  18, 000507
16 19:45, 040101 =>  180101,   8, 000070
16 19:53, 040101 =>  080801,   7, 000875
16 19:57, 040101 =>  050301,   3, 000780
16 20:06, 150101 =>  100801,   8, 000832
16 20:11, 150101 =>  120501,   4, 000254
16 20:16, 040101 =>  210301,   4, 000280
16 20:21, 150101 =>  021501,   4, 000913
16 20:38, 150101 =>  150501,  14, 000549
16 20:45, 130101 =>  160801,   6, 000882
16 20:50, 130101 =>  131101,   4, 000699
17 00:18, 130101 =>  220201,  15, 000755
17 01:58, 040101 =>  211301,  84, 000126
17 02:27, 150101 =>  090601,  24, 000904
17 03:13, 040101 =>  210801,  38, 000023
17 03:57, 040101 =>  170101,  37, 000339
17 04:50, 150101 =>  021701,  44, 000734
17 05:39, 040101 =>  210801,  41, 000846
17 06:31, 150101 =>  021601,  43, 000223
17 06:39, 130101 =>  130301,   7, 000034
17 06:49, 150101 =>  151001,   8, 000862
17 06:57, 040101 =>  050201,   7, 000959
17 07:07, 150101 =>  020101,   8, 000605
17 08:09, 130101 =>  130701,  52, 000118
17 08:43, 150101 =>  021701,  28, 000616
17 09:19, 040101 =>  030401,  30, 000899
17 10:52, 150101 =>  100501,  78, 000521
17 11:22, 130101 =>  010601,  25, 000956
17 11:40, 130101 =>  061301,  15, 000866
17 12:15, 130101 =>  220201,  29, 000099
17 12:26, 040101 =>  050701,   9, 000608
17 12:32, 040101 =>  080401,   5, 000869
17 14:02, 150101 =>  110201,  75, 000236
17 14:18, 040101 =>  211201,  13, 000081
17 15:24, 150101 =>  150901,  55, 000436
17 15:48, 040101 =>  210801,  20, 000419
17 16:50, 150101 =>  021501,  52, 000812
17 16:56, 150101 =>  110301,   5, 000658
17 17:01, 150101 =>  150601,   4, 000554
17 17:30, 150101 =>  190201,  24, 000112
17 17:45, 130101 =>  060201,  13, 000635
17 18:01, 150101 =>  020301,  13, 000559
17 18:13, 040101 =>  210101,  10, 000400
17 18:44, 150101 =>  022001,  26, 000774
17 18:51, 150101 =>  110501,   6, 000902
17 19:03, 150101 =>  090201,  10, 000276
17 19:08, 150101 =>  151001,   4, 000416
17 19:19, 150101 =>  150301,   9, 000484
17 19:32, 040101 =>  081301,  11, 000798
17 19:39, 040101 =>  040701,   6, 000903
17 19:45, 130101 =>  200701,   5, 000654
17 20:00, 150101 =>  020801,  12, 000009
17 20:08, 150101 =>  150701,   7, 000610
17 20:14, 130101 =>  220701,   5, 000884
17 20:19, 150101 =>  020101,   4, 000013
17 20:24, 150101 =>  101001,   4, 000981
17 20:28, 150101 =>  021301,   4, 000260
17 20:37, 040101 =>  230201,   7, 000441
17 20:39, 150101 =>  090501,   2, 000425
17 20:43, 040101 =>  051001,   3, 000327
18 00:30, 150101 =>  190101,  25, 000881
18 02:19, 040101 =>  050701,  91, 000164
18 02:45, 040101 =>  080401,  22, 000516
18 03:54, 150101 =>  100801,  57, 000600
18 04:02, 040101 =>  030201,   7, 000034
18 04:32, 150101 =>  090701,  25, 000085
18 05:10, 040101 =>  030701,  32, 000607
18 05:46, 040101 =>  081301,  30, 000646
18 06:02, 150101 =>  110201,  13, 000144
18 06:22, 150101 =>  021901,  17, 000915
18 08:08, 150101 =>  101101,  88, 000589
18 08:33, 150101 =>  190101,  21, 000994
18 09:02, 040101 =>  250401,  24, 000679
18 09:39, 150101 =>  020101,  31, 000909
18 10:00, 040101 =>  050801,  17, 000766
18 10:06, 150101 =>  190301,   5, 000585
18 10:48, 150101 =>  120801,  35, 000010
18 11:49, 150101 =>  101001,  51, 000251
18 11:57, 040101 =>  180101,   7, 000406
18 12:39, 130101 =>  130801,  35, 000591
18 13:16, 130101 =>  130601,  31, 000315
18 14:04, 150101 =>  101001,  40, 000277
18 14:55, 150101 =>  020701,  42, 000130
18 15:32, 040101 =>  210401,  31, 000047
18 15:44, 150101 =>  120301,  10, 000773
18 15:54, 150101 =>  120301,   8, 000105
18 16:20, 150101 =>  021201,  22, 000525
18 16:45, 150101 =>  021101,  21, 000854
18 17:07, 040101 =>  080401,  18, 000696
18 17:30, 130101 =>  160501,  19, 000995
18 17:44, 150101 =>  020301,  12, 000462
18 17:48, 150101 =>  020801,   3, 000702
18 17:55, 150101 =>  021001,   6, 000151
18 17:58, 150101 =>  021101,   3, 000582
18 18:20, 040101 =>  050301,  18, 000719
18 18:36, 130101 =>  130501,  13, 000777
18 18:51, 130101 =>  130301,  13, 000311
18 18:57, 150101 =>  151001,   5, 000457
18 19:04, 130101 =>  240101,   6, 000187
18 19:09, 150101 =>  021101,   4, 000353
18 19:14, 150101 =>  100301,   4, 000822
18 19:16, 150101 =>  020601,   2, 000828
19 01:00, 040101 =>  050301,  52, 000251
19 01:33, 130101 =>  200701,  28, 000199
19 02:57, 150101 =>  100301,  72, 000894
19 04:26, 150101 =>  020101,  76, 000245
19 04:55, 040101 =>  030101,  25, 000756
19 06:32, 150101 =>  020901,  83, 000977
19 07:38, 150101 =>  090201,  57, 000702
19 09:02, 150101 =>  120801,  72, 000316
19 09:30, 150101 =>  150601,  24, 000873
19 10:37, 040101 =>  211101,  57, 000733
19 11:16, 150101 =>  120301,  34, 000805
19 11:51, 130101 =>  130301,  30, 000429
19 12:36, 150101 =>  022001,  38, 000089
19 12:58, 150101 =>  090101,  19, 000540
19 13:12, 040101 =>  040301,  12, 000835
19 13:28, 150101 =>  151001,  14, 000204
19 14:31, 040101 =>  030301,  54, 000000
19 14:56, 150101 =>  120701,  21, 000921
19 15:08, 040101 =>  040301,  11, 000562
19 15:32, 040101 =>  210101,  20, 000153
19 15:46, 150101 =>  110401,  12, 000712
19 15:59, 150101 =>  021001,  11, 000032
19 16:09, 150101 =>  090601,   9, 000444
19 16:14, 150101 =>  190101,   4, 000180
19 16:34, 040101 =>  210901,  17, 000567
19 16:37, 150101 =>  021101,   3, 000196
19 16:43, 150101 =>  020201,   5, 000685
19 16:48, 150101 =>  020501,   4, 000701
19 16:58, 130101 =>  160301,   9, 000782
19 17:00, 150101 =>  021201,   2, 000300
20 00:42, 130101 =>  060601,  36, 000262
20 01:22, 040101 =>  040201,  35, 000700
20 02:01, 150101 =>  100301,  33, 000437
20 02:50, 150101 =>  021701,  42, 000937
20 04:43, 150101 =>  020601,  97, 000680
20 06:13, 150101 =>  020901,  77, 000523
20 06:49, 150101 =>  021601,  31, 000866
20 08:34, 040101 =>  051101,  90, 000310
20 09:00, 040101 =>  211001,  22, 000943
20 09:23, 040101 =>  170301,  20, 000319
20 09:28, 150101 =>  090201,   4, 000321
20 09:57, 040101 =>  080301,  25, 000181
20 10:37, 130101 =>  200401,  34, 000144
20 11:33, 150101 =>  150301,  48, 000350
20 12:12, 130101 =>  061001,  34, 000732
20 12:39, 040101 =>  050501,  23, 000288
20 13:14, 040101 =>  211301,  30, 000986
20 14:30, 150101 =>  090201,  65, 000948
20 14:38, 040101 =>  081201,   7, 000728
20 14:50, 040101 =>  030601,  10, 000821
20 15:06, 150101 =>  150301,  14, 000742
20 15:12, 040101 =>  080301,   5, 000160
20 15:22, 040101 =>  040601,   9, 000014
20 15:32, 040101 =>  030501,   8, 000196
20 16:16, 130101 =>  220601,  38, 000730
20 16:42, 130101 =>  010601,  22, 000953
20 16:57, 040101 =>  080201,  13, 000084
20 17:17, 150101 =>  120701,  17, 000189
20 17:33, 040101 =>  080101,  14, 000415
20 17:38, 150101 =>  150501,   4, 000368
20 17:58, 150101 =>  021501,  17, 000239
20 18:10, 150101 =>  150701,  11, 000320
20 18:19, 040101 =>  050801,   7, 000726
20 18:50, 150101 =>  150301,  27, 000233
20 18:56, 040101 =>  051101,   5, 000841
20 19:11, 150101 =>  150801,  13, 000013
20 19:19, 150101 =>  190201,   7, 000777
20 19:25, 040101 =>  051001,   5, 000778
20 19:41, 130101 =>  130401,  14, 000906
20 20:01, 150101 =>  090501,  17, 000541
20 20:09, 130101 =>  200501,   7, 000702
20 20:13, 130101 =>  010501,   3, 000348
20 20:18, 130101 =>  130801,   4, 000352
20 20:29, 150101 =>  090701,  10, 000234
20 20:34, 040101 =>  170201,   4, 000486
20 20:37, 130101 =>  140201,   3, 000532
20 20:42, 040101 =>  050801,   4, 000254
20 20:43, 040101 =>  210301,   1, 000519
20 20:50, 150101 =>  101101,   6, 000098
21 00:27, 130101 =>  010101,  24, 000302
21 01:49, 040101 =>  051001,  71, 000464
21 02:27, 150101 =>  110401,  33, 000434
21 02:45, 130101 =>  160601,  16, 000151
21 03:54, 150101 =>  150301,  60, 000540
21 04:44, 040101 =>  040701,  43, 000862
21 05:12, 040101 =>  230101,  25, 000438
21 06:24, 150101 =>  120201,  62, 000749
21 07:13, 040101 =>  050101,  43, 000350
21 08:03, 040101 =>  050501,  43, 000939
21 08:15, 130101 =>  010201,  11, 000875
21 09:51, 150101 =>  021001,  83, 000797
21 10:33, 130101 =>  160601,  37, 000157
21 10:39, 040101 =>  081001,   5, 000573
21 11:15, 130101 =>  220801,  31, 000663
21 12:13, 150101 =>  020801,  51, 000083
21 12:39, 150101 =>  100101,  22, 000133
21 14:09, 150101 =>  120801,  79, 000637
21 14:44, 130101 =>  060601,  30, 000106
21 15:06, 040101 =>  250401,  19, 000485
21 15:14, 150101 =>  110501,   7, 000685
21 15:18, 040101 =>  180301,   4, 000163
21 15:37, 130101 =>  221001,  16, 000411
21 15:55, 130101 =>  060901,  16, 000197
21 16:06, 150101 =>  120901,   9, 000244
21 16:58, 150101 =>  120701,  46, 000440
21 17:03, 130101 =>  200701,   4, 000502
21 17:08, 150101 =>  110201,   4, 000218
21 17:46, 150101 =>  021001,  33, 000363
21 17:52, 040101 =>  081301,   6, 000241
21 18:21, 040101 =>  030301,  25, 000124
21 18:45, 150101 =>  150701,  21, 000047
21 18:51, 150101 =>  150901,   5, 000802
21 19:06, 150101 =>  190301,  13, 000723
21 19:16, 150101 =>  120701,   9, 000110
21 19:31, 040101 =>  080601,  13, 000014
21 19:44, 040101 =>  230201,  11, 000209
21 19:57, 150101 =>  101001,  11, 000924
21 20:10, 130101 =>  130401,  12, 000153
21 20:17, 130101 =>  130201,   6, 000857
21 20:29, 040101 =>  250301,  10, 000004
21 20:36, 040101 =>  080301,   6, 000546
21 20:40, 150101 =>  100901,   4, 000329
21 20:48, 150101 =>  110301,   7, 000338
21 20:56, 040101 =>  081001,   7, 000762
21 21:02, 040101 =>  250301,   5, 000701
21 21:07, 150101 =>  021201,   4, 000260
21 21:16, 130101 =>  010201,   8, 000662
21 21:22, 150101 =>  150301,   5, 000549
21 21:26, 040101 =>  210501,   4, 000827
21 21:29, 040101 =>  030401,   2, 000455
22 00:35, 130101 =>  220201,  31, 000230
22 01:00, 130101 =>  221001,  22, 000938
22 02:29, 040101 =>  030601,  77, 000385
22 02:35, 040101 =>  081101,   5, 000581
22 03:36, 040101 =>  050601,  53, 000493
22 03:54, 040101 =>  250401,  16, 000346
22 04:06, 040101 =>  040301,  10, 000837
22 05:09, 150101 =>  020701,  55, 000027
22 05:27, 150101 =>  090401,  16, 000058
22 05:57, 040101 =>  210301,  26, 000051
22 06:24, 040101 =>  050301,  23, 000279
22 07:15, 150101 =>  150901,  45, 000431
22 07:36, 040101 =>  050701,  18, 000870
22 09:08, 150101 =>  150601,  80, 000871
22 09:33, 130101 =>  010401,  22, 000294
22 09:45, 040101 =>  250201,  10, 000025
22 09:55, 040101 =>  050101,   9, 000763
22 11:18, 150101 =>  020701,  72, 000161
22 11:58, 130101 =>  200101,  35, 000191
22 12:28, 040101 =>  040601,  26, 000820
22 12:36, 130101 =>  221001,   7, 000824
22 13:27, 150101 =>  120601,  44, 000907
22 14:51, 150101 =>  090701,  73, 000122
22 15:44, 150101 =>  190201,  46, 000348
22 16:15, 130101 =>  240101,  27, 000783
22 16:40, 150101 =>  021201,  22, 000547
22 16:46, 040101 =>  180101,   5, 000149
22 16:56, 040101 =>  050101,   9, 000234
22 17:29, 150101 =>  020701,  29, 000700
22 17:36, 150101 =>  090301,   6, 000989
22 17:54, 040101 =>  230201,  15, 000994
22 18:17, 150101 =>  020301,  20, 000459
22 18:32, 150101 =>  120401,  13, 000661
22 18:43, 040101 =>  040401,  10, 000878
22 18:53, 150101 =>  021901,   9, 000899
22 19:03, 040101 =>  211101,   8, 000647
22 19:06, 040101 =>  210601,   3, 000673
22 19:22, 150101 =>  150801,  14, 000009
22 19:29, 150101 =>  021301,   6, 000103
22 19:34, 150101 =>  020301,   4, 000867
22 19:41, 040101 =>  081001,   6, 000897
22 19:45, 150101 =>  021201,   4, 000197
22 19:52, 150101 =>  110501,   6, 000754
22 19:58, 150101 =>  100101,   5, 000954
22 20:14, 130101 =>  061201,  14, 000215
22 20:19, 150101 =>  090601,   4, 000282
22 20:23, 040101 =>  040201,   4, 000659
22 20:28, 040101 =>  210501,   4, 000822
23 01:37, 040101 =>  210801,  85, 000446
23 02:45, 150101 =>  090201,  59, 000020
23 03:16, 040101 =>  211301,  27, 000572
23 03:31, 040101 =>  040401,  13, 000194
23 04:31, 040101 =>  040701,  52, 000036
23 05:19, 040101 =>  030201,  42, 000380
23 05:31, 040101 =>  050201,  10, 000133
23 06:31, 130101 =>  240201,  52, 000859
23 07:12, 150101 =>  020701,  36, 000078
23 07:53, 150101 =>  020801,  36, 000841
23 09:32, 150101 =>  120601,  86, 000335
23 10:19, 150101 =>  021601,  41, 000478
23 11:02, 150101 =>  110501,  37, 000367
23 11:43, 130101 =>  130501,  36, 000131
23 12:20, 150101 =>  150301,  32, 000172
23 12:41, 150101 =>  150601,  18, 000919
23 12:57, 040101 =>  250201,  14, 000091
23 13:33, 040101 =>  211001,  31, 000741
23 13:50, 130101 =>  220101,  15, 000641
23 15:03, 150101 =>  110401,  64, 000056
23 15:52, 150101 =>  100501,  42, 000321
23 16:32, 150101 =>  090401,  35, 000491
23 16:35, 130101 =>  010201,   3, 000265
23 16:49, 150101 =>  090201,  12, 000290
23 17:12, 150101 =>  020101,  20, 000097
23 17:17, 150101 =>  120201,   4, 000045
23 17:29, 040101 =>  040201,  11, 000269
23 17:46, 150101 =>  150701,  14, 000767
23 17:55, 130101 =>  240201,   8, 000161
23 18:07, 150101 =>  090601,  11, 000859
23 18:13, 150101 =>  090201,   5, 000396
23 18:52, 130101 =>  061201,  34, 000914
23 19:01, 150101 =>  021201,   8, 000596
23 19:05, 150101 =>  150201,   3, 000529
23 19:10, 040101 =>  211001,   4, 000725
23 19:24, 130101 =>  140101,  13, 000598
23 19:39, 040101 =>  050401,  13, 000639
23 19:44, 150101 =>  100301,   4, 000160
23 20:00, 130101 =>  131001,  14, 000350
23 20:05, 150101 =>  100801,   4, 000299
23 20:13, 040101 =>  050101,   7, 000058
24 00:34, 150101 =>  100101,  30, 000872
24 01:02, 040101 =>  040401,  25, 000375
24 01:37, 150101 =>  070101,  31, 000388
24 02:27, 150101 =>  070101,  44, 000106
24 03:46, 150101 =>  020701,  70, 000698
24 05:15, 040101 =>  040701,  78, 000371
24 07:07, 150101 =>  150901,  99, 000972
24 07:17, 130101 =>  130801,   9, 000287
24 07:54, 040101 =>  040801,  33, 000271
24 08:33, 040101 =>  030501,  34, 000342
24 09:01, 130101 =>  160601,  25, 000623
24 09:50, 040101 =>  211001,  43, 000591
24 10:26, 150101 =>  150701,  32, 000875
24 11:17, 150101 =>  100701,  45, 000047
24 12:14, 130101 =>  220101,  50, 000797
24 12:24, 150101 =>  020601,   9, 000494
24 13:08, 130101 =>  160701,  39, 000097
24 13:47, 040101 =>  210201,  34, 000559
24 14:04, 150101 =>  020501,  15, 000683
24 14:17, 130101 =>  010201,  12, 000124
24 14:24, 150101 =>  151001,   6, 000584
24 14:31, 130101 =>  130701,   6, 000027
24 15:24, 150101 =>  150301,  47, 000467
24 15:50, 040101 =>  230201,  23, 000692
24 15:58, 130101 =>  061101,   7, 000522
24 16:43, 150101 =>  021601,  39, 000310
24 16:58, 150101 =>  090201,  14, 000271
24 17:22, 040101 =>  081301,  21, 000517
24 17:37, 130101 =>  200701,  13, 000323
24 17:41, 150101 =>  021001,   4, 000636
24 17:47, 130101 =>  060201,   5, 000189
24 18:00, 130101 =>  140301,  11, 000399
24 18:14, 130101 =>  060501,  13, 000033
24 18:19, 040101 =>  170201,   4, 000476
24 18:39, 040101 =>  050901,  18, 000292
24 18:49, 150101 =>  150401,   9, 000360
24 19:08, 150101 =>  150501,  16, 000594
24 19:26, 150101 =>  021501,  16, 000499
24 19:34, 150101 =>  110201,   7, 000617
24 19:48, 150101 =>  070101,  13, 000542
24 19:56, 040101 =>  030501,   7, 000030
24 20:04, 040101 =>  040301,   7, 000487
24 20:10, 040101 =>  050701,   5, 000520
24 20:14, 040101 =>  080501,   4, 000857
24 20:29, 130101 =>  131201,  13, 000720
24 20:43, 150101 =>  020601,  12, 000534
24 20:51, 150101 =>  021401,   7, 000644
24 20:55, 150101 =>  120701,   4, 000225
24 21:00, 040101 =>  250101,   4, 000479
24 21:03, 040101 =>  210201,   3, 000702
24 21:09, 130101 =>  160501,   5, 000587
24 21:12, 040101 =>  210201,   3, 000916
24 21:17, 150101 =>  100101,   4, 000388
25 00:06, 040101 =>  081101,   6, 000873
25 00:11, 130101 =>  130601,   4, 000146
25 01:45, 150101 =>  101001,  83, 000985
25 03:30, 150101 =>  020401,  93, 000927
25 04:53, 150101 =>  021401,  73, 000534
25 06:16, 150101 =>  090701,  73, 000086
25 06:32, 150101 =>  120701,  14, 000747
25 07:40, 150101 =>  190101,  60, 000241
25 08:56, 130101 =>  200801,  67, 000390
25 09:36, 130101 =>  010301,  36, 000117
25 10:38, 040101 =>  080301,  54, 000330
25 11:09, 150101 =>  020801,  28, 000152
25 11:27, 150101 =>  021001,  16, 000296
25 11:42, 130101 =>  061201,  13, 000300
25 11:57, 150101 =>  120901,  13, 000159
25 13:23, 040101 =>  210601,  76, 000592
25 13:42, 150101 =>  020501,  17, 000974
25 13:50, 040101 =>  210801,   7, 000349
25 14:25, 150101 =>  151001,  31, 000321
25 15:05, 130101 =>  060901,  35, 000262
25 15:18, 150101 =>  090401,  11, 000788
25 16:27, 040101 =>  080101,  61, 000683
25 16:39, 150101 =>  101001,  11, 000595
25 17:07, 040101 =>  080901,  25, 000607
25 17:14, 150101 =>  120201,   6, 000390
25 17:22, 150101 =>  021601,   7, 000798
25 17:37, 150101 =>  150701,  13, 000750
25 17:48, 040101 =>  250401,  10, 000996
25 17:58, 150101 =>  090101,   9, 000938
25 18:19, 040101 =>  080501,  18, 000032
25 18:42, 040101 =>  040301,  20, 000484
25 18:57, 130101 =>  061201,  14, 000274
25 19:12, 040101 =>  230101,  13, 000928
25 19:22, 150101 =>  120701,   9, 000450
25 19:27, 150101 =>  101001,   4, 000029
25 19:31, 150101 =>  120801,   4, 000489
25 19:35, 150101 =>  100201,   3, 000866
25 19:38, 150101 =>  120301,   3, 000952
25 19:40, 150101 =>  020301,   2, 000555
25 19:57, 130101 =>  130601,  15, 000227
26 00:21, 150101 =>  020401,  19, 000406
26 02:09, 040101 =>  170301,  97, 000150
26 03:29, 150101 =>  120101,  72, 000537
26 04:35, 040101 =>  210101,  59, 000273
26 04:51, 130101 =>  140301,  14, 000915
26 05:30, 130101 =>  010401,  35, 000638
26 06:26, 040101 =>  170101,  50, 000272
26 07:12, 040101 =>  250101,  41, 000107
26 07:16, 150101 =>  151001,   4, 000517
26 09:06, 150101 =>  150401,  98, 000665
26 09:22, 040101 =>  170101,  15, 000389
26 09:47, 150101 =>  101101,  22, 000308
26 09:55, 130101 =>  130201,   7, 000790
26 10:29, 130101 =>  160101,  31, 000445
26 10:45, 150101 =>  120601,  14, 000414
26 10:48, 040101 =>  210501,   3, 000361
26 11:23, 130101 =>  130301,  31, 000824
26 11:27, 150101 =>  110401,   4, 000636
26 11:39, 040101 =>  080501,  10, 000093
26 12:37, 150101 =>  150901,  52, 000136
26 14:18, 150101 =>  090701,  91, 000423
26 14:49, 130101 =>  220201,  28, 000502
26 14:53, 150101 =>  100701,   3, 000655
26 15:07, 040101 =>  080301,  13, 000442
26 15:25, 040101 =>  211301,  16, 000152
26 16:18, 150101 =>  100401,  47, 000165
26 16:30, 040101 =>  030401,  11, 000967
26 16:56, 150101 =>  020701,  23, 000414
26 17:22, 130101 =>  160501,  24, 000704
26 17:26, 150101 =>  100701,   3, 000739
26 17:35, 150101 =>  020901,   8, 000770
26 17:53, 150101 =>  150201,  16, 000434
26 18:29, 150101 =>  021301,  33, 000533
26 18:40, 040101 =>  081001,   9, 000376
26 19:00, 130101 =>  240301,  18, 000514
26 19:07, 150101 =>  100401,   7, 000050
26 19:25, 150101 =>  120201,  16, 000440
26 19:47, 150101 =>  120701,  19, 000322
26 19:51, 150101 =>  090401,   4, 000791
26 19:59, 040101 =>  081001,   7, 000375
26 20:10, 150101 =>  100201,  10, 000200
26 20:18, 150101 =>  020901,   7, 000207
26 20:27, 040101 =>  040601,   8, 000562
26 20:36, 130101 =>  200701,   8, 000615
26 20:46, 130101 =>  130801,   9, 000953
26 20:54, 130101 =>  221001,   7, 000705
26 21:01, 150101 =>  120501,   7, 000856
26 21:06, 150101 =>  110501,   4, 000823
26 21:11, 130101 =>  060701,   5, 000516
26 21:16, 150101 =>  021101,   4, 000048
26 21:18, 150101 =>  090201,   2, 000996
26 21:23, 130101 =>  130501,   4, 000950
27 01:02, 150101 =>  070101,  57, 000902
27 02:05, 130101 =>  160801,  57, 000885
27 03:05, 150101 =>  020301,  55, 000729
27 03:36, 150101 =>  100501,  28, 000948
27 03:47, 130101 =>  200201,  10, 000980
27 03:56, 130101 =>  160201,   8, 000019
27 05:31, 150101 =>  101001,  86, 000108
27 05:38, 150101 =>  110501,   7, 000982
27 06:52, 150101 =>  100801,  67, 000025
27 07:06, 130101 =>  160801,  13, 000280
27 07:44, 040101 =>  030201,  34, 000431
27 08:12, 150101 =>  100301,  26, 000348
27 09:21, 150101 =>  020601,  62, 000933
27 10:20, 150101 =>  110201,  54, 000392
27 11:13, 150101 =>  022001,  48, 000638
27 11:37, 150101 =>  190301,  22, 000071
27 11:50, 150101 =>  150401,  12, 000271
27 13:35, 040101 =>  230401,  95, 000068
27 14:14, 040101 =>  210201,  36, 000364
27 15:02, 130101 =>  060901,  43, 000073
27 15:18, 150101 =>  020601,  15, 000433
27 15:25, 150101 =>  021901,   6, 000319
27 15:32, 040101 =>  040501,   7, 000021
27 16:26, 040101 =>  210401,  49, 000668
27 16:33, 150101 =>  190101,   6, 000907
27 16:44, 150101 =>  021901,  10, 000268
27 17:00, 040101 =>  050301,  15, 000612
27 17:27, 040101 =>  230301,  24, 000444
27 17:58, 040101 =>  050501,  28, 000796
27 18:07, 150101 =>  120601,   9, 000981
27 18:18, 040101 =>  050901,  10, 000012
27 18:23, 130101 =>  200701,   4, 000882
27 18:55, 130101 =>  131201,  29, 000012
27 19:02, 150101 =>  021901,   7, 000155
27 19:08, 130101 =>  220901,   5, 000398
27 19:16, 150101 =>  020101,   7, 000056
27 19:27, 040101 =>  030401,  10, 000901
27 19:32, 150101 =>  020601,   5, 000937
27 19:37, 150101 =>  090401,   4, 000269
28 00:57, 130101 =>  160701,  52, 000583
28 01:33, 130101 =>  061301,  33, 000110
28 01:40, 130101 =>  131201,   6, 000306
28 01:43, 130101 =>  130601,   3, 000274
28 02:59, 150101 =>  120101,  69, 000899
28 03:32, 150101 =>  120801,  30, 000463
28 03:57, 130101 =>  200601,  23, 000573
28 04:22, 040101 =>  050901,  23, 000210
28 05:00, 130101 =>  130301,  34, 000758
28 05:57, 150101 =>  120401,  52, 000010
28 06:27, 130101 =>  140201,  27, 000713
28 06:34, 040101 =>  040701,   7, 000615
28 08:15, 040101 =>  080501,  91, 000345
28 09:11, 040101 =>  210701,  51, 000602
28 09:29, 130101 =>  240101,  17, 000332
28 09:47, 040101 =>  210501,  16, 000228
28 10:20, 150101 =>  120101,  30, 000254
28 10:31, 150101 =>  070101,  10, 000449
28 10:39, 130101 =>  220901,   7, 000508
28 10:42, 040101 =>  210301,   3, 000594
28 11:53, 150101 =>  120201,  65, 000623
28 12:06, 130101 =>  140301,  11, 000828
28 12:10, 130101 =>  200801,   4, 000403
28 13:25, 150101 =>  120801,  68, 000712
28 13:52, 150101 =>  150701,  25, 000226
28 14:13, 040101 =>  170201,  19, 000220
28 14:56, 150101 =>  100201,  39, 000742
28 15:07, 150101 =>  120101,  10, 000346
28 15:11, 130101 =>  130701,   4, 000800
28 15:39, 150101 =>  090101,  25, 000531
28 15:59, 040101 =>  180101,  18, 000315
28 16:38, 040101 =>  050501,  36, 000013
28 16:46, 130101 =>  060301,   7, 000729
28 16:58, 150101 =>  150501,  11, 000743
28 17:14, 040101 =>  080601,  14, 000084
28 18:07, 150101 =>  021301,  49, 000812
28 18:29, 150101 =>  150301,  20, 000817
28 18:34, 130101 =>  130801,   4, 000538
28 19:07, 150101 =>  150601,  30, 000211
28 19:22, 150101 =>  021401,  14, 000326
28 19:26, 130101 =>  220301,   3, 000168
28 19:49, 040101 =>  211101,  21, 000033
28 19:57, 150101 =>  120801,   8, 000613
28 20:00, 130101 =>  140101,   2, 000807
28 20:14, 150101 =>  100501,  13, 000340
28 20:18, 150101 =>  101001,   4, 000009
29 01:07, 130101 =>  160601,  61, 000484
29 02:25, 150101 =>  021401,  71, 000284
29 03:19, 040101 =>  210501,  49, 000822
29 04:20, 150101 =>  021201,  56, 000508
29 05:05, 130101 =>  220701,  41, 000362
29 06:54, 150101 =>  021101,  99, 000813
29 08:11, 040101 =>  180201,  70, 000688
29 08:52, 150101 =>  020101,  37, 000510
29 10:11, 150101 =>  090101,  72, 000562
29 10:42, 150101 =>  100601,  28, 000268
29 10:57, 040101 =>  030101,  14, 000645
29 11:50, 040101 =>  040601,  48, 000212
29 12:04, 130101 =>  160601,  13, 000992
29 12:52, 040101 =>  040501,  43, 000333
29 13:30, 040101 =>  080101,  35, 000841
29 13:49, 150101 =>  100801,  17, 000278
29 14:08, 150101 =>  150701,  17, 000654
29 14:20, 150101 =>  190301,  11, 000335
29 14:47, 150101 =>  090501,  25, 000591
29 15:18, 130101 =>  130401,  28, 000747
29 15:44, 150101 =>  100401,  24, 000763
29 15:51, 130101 =>  160501,   6, 000530
29 16:08, 040101 =>  081201,  15, 000847
29 16:14, 130101 =>  131001,   6, 000171
29 16:26, 150101 =>  110101,  11, 000841
29 16:57, 150101 =>  120401,  28, 000318
29 17:31, 150101 =>  021701,  31, 000868
29 17:40, 040101 =>  050301,   8, 000984
29 17:44, 150101 =>  090101,   4, 000375
29 17:52, 150101 =>  120101,   7, 000704
29 18:05, 150101 =>  021801,  12, 000799
29 18:13, 150101 =>  100701,   7, 000018
29 18:24, 150101 =>  090101,  10, 000261
29 18:36, 150101 =>  090601,  11, 000572
29 18:44, 150101 =>  101101,   7, 000123
29 19:07, 040101 =>  080101,  21, 000990
29 19:26, 130101 =>  130801,  17, 000615
29 19:37, 040101 =>  080301,  10, 000257
29 19:44, 150101 =>  020901,   7, 000499
29 19:49, 150101 =>  020601,   4, 000710
29 19:59, 040101 =>  030101,   9, 000024
29 20:04, 040101 =>  081101,   5, 000702
29 20:07, 040101 =>  180201,   3, 000318
29 20:11, 150101 =>  150601,   3, 000402
29 20:21, 040101 =>  211001,   9, 000907
30 00:31, 130101 =>  160201,  29, 000110
30 00:56, 150101 =>  021201,  23, 000313
30 02:28, 040101 =>  040201,  85, 000068
30 03:30, 040101 =>  050201,  57, 000947
30 04:38, 150101 =>  100401,  63, 000185
30 06:20, 150101 =>  110101,  94, 000594
30 06:44, 130101 =>  060301,  22, 000977
30 07:24, 130101 =>  060801,  37, 000234
30 08:24, 150101 =>  090701,  56, 000025
30 08:36, 150101 =>  120701,  11, 000320
30 08:55, 130101 =>  200601,  17, 000935
30 08:58, 040101 =>  230301,   3, 000004
30 10:31, 150101 =>  021101,  86, 000405
30 10:42, 150101 =>  150901,  10, 000091
30 11:16, 040101 =>  040201,  31, 000929
30 11:52, 040101 =>  040701,  34, 000202
30 12:41, 150101 =>  120901,  45, 000797
30 12:48, 150101 =>  020301,   6, 000815
30 13:47, 150101 =>  190201,  55, 000767
30 13:54, 040101 =>  080101,   6, 000502
30 14:09, 130101 =>  200601,  14, 000170
30 14:55, 150101 =>  020501,  43, 000598
30 15:14, 040101 =>  080301,  17, 000964
30 15:29, 040101 =>  050201,  14, 000850
30 15:36, 150101 =>  020901,   6, 000214
30 15:58, 150101 =>  120901,  21, 000113
30 16:10, 040101 =>  210301,  11, 000189
30 16:20, 130101 =>  010101,   9, 000753
30 16:46, 150101 =>  100801,  24, 000822
30 16:57, 150101 =>  070101,  10, 000667
30 17:13, 150101 =>  021301,  15, 000161
30 17:17, 150101 =>  190201,   4, 000880
30 17:23, 150101 =>  101001,   5, 000417
30 17:30, 150101 =>  151001,   7, 000550
30 17:54, 130101 =>  140101,  22, 000688
30 18:02, 150101 =>  120201,   7, 000949
30 18:17, 040101 =>  180201,  14, 000486
30 18:21, 150101 =>  190101,   4, 000432
30 18:27, 130101 =>  220801,   5, 000453
30 18:38, 040101 =>  050601,  10, 000141
30 18:42, 150101 =>  020801,   4, 000086
30 18:48, 130101 =>  140301,   6, 000846
30 19:10, 040101 =>  230401,  20, 000205
30 19:28, 040101 =>  050501,  17, 000406
30 19:32, 130101 =>  060601,   3, 000843
30 19:36, 150101 =>  110301,   4, 000966
30 19:50, 040101 =>  080901,  13, 000914
30 20:00, 040101 =>  210101,   9, 000147
30 20:04, 040101 =>  250301,   4, 000872
30 20:06, 150101 =>  090401,   2, 000068
30 20:13, 130101 =>  010601,   6, 000971
30 20:20, 040101 =>  250301,   7, 000746
31 00:09, 150101 =>  150701,   9, 000926
31 00:55, 150101 =>  090601,  43, 000012
31 01:59, 150101 =>  150701,  60, 000808
31 03:08, 150101 =>  110501,  65, 000042
31 04:38, 150101 =>  150301,  84, 000152
31 05:28, 130101 =>  160101,  47, 000392
31 06:47, 150101 =>  020201,  74, 000147
31 08:16, 150101 =>  021801,  83, 000518
31 08:52, 130101 =>  220101,  34, 000989
31 09:13, 150101 =>  020301,  20, 000825
31 09:52, 150101 =>  022001,  36, 000825
31 10:25, 150101 =>  100301,  31, 000410
31 10:38, 130101 =>  060501,  13, 000403
31 11:14, 130101 =>  060601,  33, 000896
31 11:25, 150101 =>  021501,  11, 000838
31 11:35, 150101 =>  100701,   9, 000244
31 12:38, 040101 =>  211201,  59, 000087
31 13:45, 040101 =>  210801,  63, 000372
31 14:06, 040101 =>  080101,  20, 000759
31 14:21, 150101 =>  021501,  14, 000910
31 14:29, 150101 =>  090401,   7, 000659
31 14:37, 150101 =>  120201,   8, 000017
31 14:58, 150101 =>  020101,  19, 000557
31 15:12, 040101 =>  050901,  13, 000737
31 15:26, 150101 =>  090401,  14, 000235
31 15:37, 150101 =>  120101,  10, 000008
31 15:42, 150101 =>  101001,   5, 000900
31 16:28, 040101 =>  210501,  43, 000881
31 17:18, 040101 =>  030601,  47, 000397
31 17:56, 040101 =>  210601,  35, 000028
31 18:02, 150101 =>  120501,   6, 000590
31 18:13, 040101 =>  081101,  10, 000944
31 18:41, 130101 =>  200101,  26, 000459
31 18:45, 040101 =>  050501,   4, 000206
31 18:49, 150101 =>  020501,   4, 000296
31 19:09, 040101 =>  050101,  19, 000941
31 19:10, 150101 =>  020901,   1, 000724
