01 00:34, 150101 =>  090301,  19, 000373
01 01:35, 040101 =>  180101,  33, 000156
01 03:16, 150101 =>  101001,  55, 000912
01 03:21, 150101 =>  020601,   3, 000612
01 03:43, 150101 =>  020301,  12, 000449
01 04:16, 150101 =>  020301,  18, 000910
01 04:40, 150101 =>  020301,  13, 000587
01 05:19, 150101 =>  100801,  21, 000269
01 06:48, 150101 =>  151001,  49, 000011
01 08:02, 130101 =>  200801,  40, 000311
01 08:46, 130101 =>  220501,  24, 000143
01 09:08, 130101 =>  200301,  12, 000582
01 09:41, 150101 =>  150901,  18, 000718
01 10:50, 150101 =>  070101,  38, 000298
01 11:01, 150101 =>  100401,   6, 000169
01 11:42, 130101 =>  221001,  22, 000225
01 12:02, 130101 =>  160801,  11, 000757
01 12:29, 150101 =>  100601,  15, 000927
01 13:17, 150101 =>  150901,  26, 000444
01 13:50, 150101 =>  190101,  18, 000723
01 14:38, 040101 =>  210501,  26, 000346
01 14:54, 150101 =>  021001,   9, 000231
01 15:13, 130101 =>  220501,  10, 000122
01 15:20, 150101 =>  022001,   4, 000431
01 15:29, 130101 =>  060101,   5, 000986
01 16:42, 040101 =>  170101,  40, 000349
01 16:59, 040101 =>  210801,   9, 000038
01 17:08, 130101 =>  140101,   5, 000890
01 17:19, 040101 =>  211001,   6, 000738
01 17:45, 150101 =>  150301,  14, 000869
01 17:56, 150101 =>  150801,   6, 000122
01 18:05, 150101 =>  150401,   5, 000077
01 18:23, 040101 =>  250201,  10, 000772
01 18:34, 150101 =>  150501,   6, 000595
01 19:05, 040101 =>  210201,  17, 000351
01 19:13, 150101 =>  150701,   4, 000305
01 19:22, 130101 =>  131001,   5, 000220
01 19:57, 040101 =>  081301,  19, 000762
01 20:00, 150101 =>  100201,   2, 000875
02 02:29, 150101 =>  110501,  84, 000034
02 02:51, 150101 =>  120901,  12, 000078
02 03:42, 040101 =>  210301,  29, 000291
02 04:07, 040101 =>  030501,  14, 000980
02 05:08, 130101 =>  220501,  34, 000561
02 05:31, 130101 =>  220501,  13, 000681
02 06:19, 150101 =>  021501,  27, 000458
02 06:26, 150101 =>  150501,   4, 000451
02 06:44, 130101 =>  200601,  10, 000337
02 08:47, 150101 =>  151001,  69, 000155
02 08:55, 130101 =>  220301,   4, 000555
02 09:28, 150101 =>  110501,  19, 000137
02 09:48, 150101 =>  100301,  11, 000011
02 10:00, 040101 =>  080701,   7, 000349
02 10:08, 150101 =>  021701,   4, 000836
02 10:38, 150101 =>  090401,  17, 000402
02 11:40, 150101 =>  190201,  35, 000141
02 12:14, 130101 =>  140101,  19, 000489
02 12:27, 130101 =>  140201,   7, 000017
02 13:26, 040101 =>  210201,  33, 000817
02 13:54, 130101 =>  060701,  16, 000147
02 14:23, 150101 =>  021201,  16, 000201
02 14:33, 130101 =>  220301,   6, 000752
02 14:57, 130101 =>  130701,  13, 000926
02 15:41, 040101 =>  250301,  25, 000938
02 16:35, 040101 =>  211301,  30, 000859
02 17:01, 150101 =>  021601,  15, 000823
02 17:30, 150101 =>  100201,  16, 000387
02 17:35, 130101 =>  220801,   3, 000290
02 18:22, 040101 =>  080101,  26, 000503
02 18:32, 040101 =>  230201,   6, 000081
02 18:43, 130101 =>  061301,   6, 000226
02 18:55, 130101 =>  220201,   7, 000719
02 19:19, 150101 =>  020301,  13, 000629
02 19:26, 040101 =>  230101,   4, 000086
02 19:42, 150101 =>  090101,   9, 000713
02 20:05, 040101 =>  050401,  13, 000554
02 20:10, 150101 =>  150401,   3, 000934
02 20:19, 130101 =>  130301,   5, 000197
02 20:30, 150101 =>  022001,   6, 000098
02 20:39, 040101 =>  040801,   5, 000710
02 20:48, 150101 =>  100601,   5, 000156
02 20:55, 150101 =>  021601,   4, 000834
02 20:57, 150101 =>  150901,   1, 000010
03 02:51, 150101 =>  110101,  97, 000745
03 04:30, 150101 =>  021501,  56, 000765
03 05:55, 040101 =>  180101,  48, 000877
03 06:03, 150101 =>  020201,   5, 000981
03 07:32, 150101 =>  120601,  50, 000518
03 08:37, 150101 =>  120301,  37, 000128
03 08:51, 150101 =>  120801,   8, 000435
03 09:35, 130101 =>  240201,  25, 000280
03 09:55, 130101 =>  130401,  11, 000888
03 10:27, 150101 =>  021901,  18, 000192
03 11:06, 040101 =>  040701,  22, 000748
03 12:16, 040101 =>  080601,  40, 000038
03 13:11, 040101 =>  040801,  31, 000004
03 13:45, 040101 =>  050601,  19, 000449
03 14:23, 130101 =>  221001,  22, 000846
03 15:13, 150101 =>  150801,  28, 000668
03 15:20, 130101 =>  130901,   4, 000627
03 15:27, 130101 =>  060601,   4, 000593
03 16:08, 130101 =>  010701,  23, 000415
03 16:27, 040101 =>  050101,  11, 000572
03 16:45, 130101 =>  130801,  10, 000631
03 17:25, 150101 =>  021501,  23, 000516
03 17:41, 150101 =>  150801,   9, 000721
03 17:52, 040101 =>  050701,   6, 000380
03 18:06, 040101 =>  081001,   8, 000808
03 18:18, 150101 =>  190201,   7, 000966
03 18:36, 150101 =>  021401,  10, 000814
03 18:47, 150101 =>  020901,   6, 000477
03 18:55, 040101 =>  250401,   5, 000299
03 19:03, 040101 =>  080601,   4, 000583
03 19:10, 040101 =>  040801,   4, 000961
03 19:20, 150101 =>  021901,   6, 000404
03 19:31, 150101 =>  120901,   6, 000468
03 19:43, 040101 =>  050801,   7, 000797
03 20:11, 130101 =>  060301,  16, 000772
03 20:20, 150101 =>  120601,   5, 000633
03 20:24, 150101 =>  021701,   2, 000905
04 00:54, 130101 =>  130301,  31, 000907
04 01:19, 040101 =>  040501,  14, 000124
04 03:19, 150101 =>  021601,  68, 000760
04 05:10, 040101 =>  250101,  63, 000833
04 05:53, 150101 =>  151001,  24, 000578
04 06:00, 150101 =>  021001,   4, 000650
04 07:00, 040101 =>  030601,  34, 000055
04 07:09, 040101 =>  050101,   5, 000132
04 08:39, 150101 =>  120501,  51, 000747
04 09:09, 150101 =>  150701,  17, 000062
04 09:58, 150101 =>  100401,  28, 000740
04 11:30, 150101 =>  110101,  52, 000704
04 11:55, 040101 =>  081001,  14, 000805
04 12:06, 150101 =>  021901,   6, 000472
04 12:25, 150101 =>  120201,  11, 000007
04 12:32, 150101 =>  021501,   4, 000419
04 12:48, 040101 =>  040701,   9, 000694
04 13:11, 150101 =>  021901,  13, 000401
04 13:37, 040101 =>  050801,  15, 000179
04 14:18, 130101 =>  131101,  23, 000719
04 14:25, 040101 =>  081101,   4, 000787
04 14:59, 130101 =>  131101,  19, 000604
04 15:16, 130101 =>  220801,  10, 000145
04 15:25, 150101 =>  101001,   5, 000786
04 16:15, 150101 =>  150701,  28, 000262
04 16:36, 130101 =>  130501,  12, 000998
04 17:02, 150101 =>  021301,  15, 000499
04 17:31, 150101 =>  100601,  16, 000660
04 17:38, 130101 =>  160701,   4, 000031
04 17:50, 130101 =>  200401,   7, 000508
04 18:24, 040101 =>  080801,  19, 000404
04 18:38, 150101 =>  150601,   8, 000174
04 18:55, 040101 =>  081201,  10, 000320
04 19:11, 150101 =>  100201,   9, 000232
04 19:20, 150101 =>  150801,   5, 000755
04 19:36, 040101 =>  211101,   9, 000968
04 19:48, 040101 =>  050101,   7, 000522
04 19:59, 130101 =>  220201,   6, 000204
04 20:06, 150101 =>  110301,   4, 000387
04 20:11, 130101 =>  140101,   3, 000280
04 20:20, 040101 =>  211101,   5, 000065
04 20:27, 130101 =>  220301,   4, 000590
04 20:33, 150101 =>  150601,   3, 000506
05 01:48, 150101 =>  020501,  62, 000143
05 03:17, 150101 =>  020201,  51, 000736
05 03:58, 040101 =>  051101,  23, 000958
05 05:46, 040101 =>  081101,  62, 000135
05 06:04, 130101 =>  010501,  10, 000984
05 07:08, 150101 =>  020201,  37, 000354
05 07:52, 130101 =>  200401,  25, 000870
05 08:15, 040101 =>  050101,  13, 000585
05 09:00, 040101 =>  250201,  26, 000202
05 09:21, 040101 =>  230301,  12, 000196
05 10:28, 150101 =>  110501,  38, 000696
05 10:33, 040101 =>  030601,   3, 000178
05 11:12, 040101 =>  210101,  22, 000905
05 11:34, 040101 =>  250201,  13, 000163
05 12:39, 150101 =>  150801,  37, 000446
05 12:46, 040101 =>  030501,   4, 000826
05 12:55, 150101 =>  101101,   5, 000527
05 13:05, 130101 =>  140301,   6, 000128
05 13:21, 040101 =>  210901,   9, 000978
05 14:28, 150101 =>  150501,  38, 000188
05 14:56, 150101 =>  190101,  16, 000768
05 15:08, 040101 =>  080401,   7, 000402
05 15:45, 150101 =>  100901,  21, 000681
05 16:07, 130101 =>  130801,  13, 000866
05 16:16, 040101 =>  180301,   5, 000155
05 16:25, 040101 =>  050401,   5, 000687
05 16:30, 040101 =>  030601,   3, 000179
05 16:49, 150101 =>  021901,  11, 000804
05 16:56, 040101 =>  050501,   4, 000995
05 17:05, 040101 =>  250401,   5, 000337
05 17:10, 150101 =>  020401,   3, 000517
05 17:23, 150101 =>  090401,   7, 000632
05 17:42, 150101 =>  110501,  11, 000519
05 18:13, 130101 =>  160801,  18, 000191
05 18:38, 150101 =>  110301,  14, 000838
05 18:52, 150101 =>  090501,   8, 000944
05 18:57, 040101 =>  180101,   3, 000822
05 19:09, 150101 =>  100801,   7, 000238
05 19:34, 130101 =>  160101,  14, 000016
05 19:44, 150101 =>  101001,   6, 000087
05 20:16, 130101 =>  220701,  18, 000124
05 20:21, 150101 =>  021601,   3, 000261
05 20:26, 150101 =>  151001,   3, 000017
05 20:33, 040101 =>  050501,   4, 000890
05 20:37, 040101 =>  250301,   2, 000580
06 00:37, 150101 =>  110101,  22, 000417
06 02:31, 150101 =>  090101,  66, 000236
06 04:36, 150101 =>  020901,  73, 000439
06 04:51, 150101 =>  020801,   9, 000949
06 05:12, 150101 =>  120701,  12, 000505
06 07:05, 040101 =>  170101,  66, 000251
06 07:34, 150101 =>  090401,  17, 000337
06 08:05, 040101 =>  170201,  18, 000169
06 08:12, 040101 =>  030101,   4, 000728
06 08:38, 150101 =>  110101,  15, 000081
06 08:47, 040101 =>  081001,   5, 000235
06 09:07, 040101 =>  081201,  12, 000468
06 10:30, 150101 =>  190301,  48, 000118
06 11:31, 040101 =>  081101,  36, 000409
06 11:42, 040101 =>  040201,   6, 000044
06 12:02, 040101 =>  210901,  12, 000819
06 12:11, 150101 =>  151001,   5, 000011
06 12:31, 040101 =>  180101,  12, 000809
06 12:50, 040101 =>  040801,  11, 000672
06 13:07, 150101 =>  100301,  10, 000764
06 13:13, 150101 =>  100501,   3, 000453
06 13:57, 150101 =>  021601,  26, 000303
06 14:45, 130101 =>  140101,  28, 000792
06 15:16, 150101 =>  120701,  18, 000991
06 15:42, 040101 =>  210901,  15, 000826
06 15:54, 150101 =>  021801,   7, 000277
06 16:21, 150101 =>  020701,  16, 000478
06 16:28, 130101 =>  060901,   4, 000156
06 16:44, 040101 =>  210301,   9, 000134
06 16:49, 040101 =>  210801,   3, 000991
06 16:59, 040101 =>  050401,   6, 000440
06 17:25, 130101 =>  131201,  15, 000482
06 17:34, 040101 =>  080401,   5, 000796
06 17:51, 150101 =>  120701,  10, 000572
06 17:58, 040101 =>  030301,   4, 000512
06 18:04, 040101 =>  030701,   4, 000868
06 18:06, 040101 =>  081201,   1, 000782
06 18:15, 150101 =>  100701,   5, 000420
07 01:06, 040101 =>  030601,  39, 000207
07 02:14, 150101 =>  120301,  40, 000352
07 04:08, 150101 =>  020601,  67, 000571
07 04:54, 150101 =>  020601,  27, 000400
07 05:31, 040101 =>  210901,  22, 000157
07 06:14, 150101 =>  090301,  25, 000632
07 07:30, 040101 =>  051001,  45, 000484
07 07:54, 040101 =>  040401,  14, 000712
07 09:27, 150101 =>  120301,  55, 000727
07 10:00, 150101 =>  100801,  19, 000016
07 10:17, 130101 =>  060901,  10, 000958
07 10:34, 130101 =>  130201,  10, 000493
07 11:25, 150101 =>  020601,  30, 000134
07 12:22, 040101 =>  080501,  34, 000500
07 13:19, 150101 =>  090401,  33, 000825
07 13:39, 040101 =>  030601,  12, 000548
07 13:44, 130101 =>  200501,   3, 000517
07 14:08, 150101 =>  150401,  14, 000361
07 14:27, 150101 =>  120101,  11, 000706
07 14:52, 040101 =>  250101,  15, 000202
07 15:01, 150101 =>  151001,   5, 000150
07 15:18, 130101 =>  010201,  10, 000461
07 15:40, 040101 =>  230401,  13, 000319
07 15:48, 150101 =>  020301,   5, 000500
07 16:17, 150101 =>  110501,  17, 000788
07 16:29, 150101 =>  190201,   7, 000353
07 16:34, 040101 =>  210601,   3, 000373
07 17:27, 130101 =>  060701,  31, 000916
07 18:13, 130101 =>  061001,  27, 000461
07 18:19, 150101 =>  021501,   4, 000098
07 18:35, 150101 =>  110101,   9, 000076
07 18:48, 150101 =>  020501,   8, 000118
07 18:55, 150101 =>  120501,   4, 000331
07 19:04, 150101 =>  070101,   5, 000619
07 19:09, 150101 =>  021701,   3, 000015
08 00:03, 150101 =>  100501,   2, 000058
08 00:45, 150101 =>  020401,  25, 000208
08 01:02, 130101 =>  220801,  10, 000187
08 01:18, 150101 =>  020201,   9, 000214
08 04:08, 150101 =>  090301, 100, 000294
08 04:21, 040101 =>  170101,   8, 000935
08 04:49, 040101 =>  170101,  16, 000993
08 04:55, 150101 =>  150401,   4, 000837
08 05:28, 150101 =>  150401,  19, 000887
08 06:29, 150101 =>  190301,  36, 000440
08 07:44, 040101 =>  081301,  44, 000919
08 08:31, 040101 =>  210701,  28, 000265
08 10:12, 150101 =>  020101,  59, 000719
08 11:23, 150101 =>  100801,  42, 000501
08 12:11, 150101 =>  100101,  28, 000772
08 13:20, 130101 =>  010201,  41, 000984
08 13:36, 130101 =>  220201,   9, 000154
08 14:27, 040101 =>  050901,  30, 000194
08 15:09, 130101 =>  160201,  25, 000996
08 15:19, 150101 =>  021401,   6, 000483
08 15:26, 040101 =>  050301,   4, 000321
08 15:40, 150101 =>  020701,   8, 000486
08 15:52, 150101 =>  110201,   7, 000247
08 16:34, 040101 =>  230401,  25, 000900
08 16:54, 150101 =>  090101,  12, 000272
08 17:34, 040101 =>  080201,  23, 000297
08 17:40, 150101 =>  021001,   4, 000695
08 17:51, 150101 =>  021701,   6, 000702
08 17:57, 150101 =>  090201,   4, 000892
08 18:04, 040101 =>  180101,   4, 000270
08 18:18, 150101 =>  100401,   8, 000225
08 18:26, 150101 =>  021801,   5, 000732
08 18:33, 040101 =>  080401,   4, 000363
08 18:59, 040101 =>  030201,  15, 000204
08 19:04, 150101 =>  100401,   3, 000378
09 01:07, 150101 =>  100601,  40, 000652
09 01:14, 040101 =>  050901,   4, 000142
09 02:51, 040101 =>  180201,  58, 000710
09 04:27, 150101 =>  110301,  57, 000248
09 05:34, 040101 =>  211201,  40, 000551
09 07:32, 150101 =>  100501,  70, 000063
09 08:11, 150101 =>  090101,  23, 000863
09 08:23, 150101 =>  090701,   7, 000758
09 09:12, 150101 =>  020301,  29, 000476
09 10:24, 130101 =>  220401,  43, 000968
09 11:15, 150101 =>  021801,  30, 000535
09 11:43, 150101 =>  150701,  17, 000546
09 12:39, 040101 =>  050701,  33, 000638
09 13:24, 040101 =>  050801,  27, 000583
09 14:01, 040101 =>  230401,  22, 000688
09 14:18, 150101 =>  190101,  10, 000808
09 15:09, 150101 =>  151001,  30, 000820
09 15:32, 150101 =>  120701,  14, 000572
09 15:54, 130101 =>  160801,  13, 000499
09 16:12, 150101 =>  090601,  11, 000220
09 16:33, 150101 =>  150701,  12, 000513
09 16:50, 150101 =>  110301,  10, 000446
09 17:01, 150101 =>  021001,   7, 000799
09 17:08, 150101 =>  110201,   4, 000511
09 17:18, 040101 =>  050501,   6, 000688
09 17:25, 040101 =>  040601,   4, 000617
09 17:30, 150101 =>  150901,   3, 000062
09 17:37, 150101 =>  021501,   4, 000947
09 17:45, 130101 =>  060601,   5, 000514
09 17:55, 150101 =>  090701,   6, 000277
09 18:05, 040101 =>  180201,   6, 000467
09 18:56, 130101 =>  220701,  30, 000392
09 19:02, 150101 =>  120201,   4, 000242
09 19:11, 040101 =>  050501,   5, 000373
09 19:16, 040101 =>  080501,   3, 000722
09 19:19, 150101 =>  150801,   2, 000285
09 19:29, 040101 =>  040501,   6, 000153
09 19:43, 040101 =>  080401,   8, 000506
10 00:01, 150101 =>  020901,   1, 000186
10 02:46, 150101 =>  110201, 100, 000646
10 03:36, 040101 =>  050501,  30, 000989
10 05:01, 150101 =>  150201,  52, 000260
10 05:46, 150101 =>  100201,  27, 000688
10 06:52, 150101 =>  020901,  40, 000653
10 07:00, 150101 =>  090101,   5, 000165
10 07:38, 150101 =>  120101,  23, 000961
10 07:45, 150101 =>  120301,   4, 000703
10 08:15, 150101 =>  100201,  18, 000416
10 08:24, 150101 =>  021401,   6, 000108
10 09:29, 150101 =>  090401,  39, 000581
10 10:55, 040101 =>  210801,  52, 000384
10 11:56, 040101 =>  050201,  37, 000092
10 12:22, 150101 =>  120801,  16, 000893
10 12:27, 150101 =>  150301,   3, 000699
10 13:33, 130101 =>  060901,  40, 000497
10 13:48, 150101 =>  190301,   9, 000728
10 14:19, 150101 =>  021501,  19, 000102
10 14:44, 040101 =>  210401,  15, 000919
10 14:57, 150101 =>  020701,   8, 000949
10 15:07, 150101 =>  021101,   6, 000392
10 15:52, 040101 =>  040201,  27, 000897
10 16:06, 150101 =>  021301,   9, 000457
10 16:13, 150101 =>  100301,   4, 000060
10 16:21, 150101 =>  100201,   5, 000185
10 16:49, 040101 =>  080701,  17, 000108
10 16:56, 150101 =>  110401,   4, 000988
10 17:40, 130101 =>  160301,  27, 000961
10 17:52, 040101 =>  030101,   7, 000710
11 01:43, 150101 =>  020401,  64, 000874
11 02:31, 040101 =>  210201,  30, 000808
11 02:43, 040101 =>  080701,   7, 000365
11 02:51, 150101 =>  100201,   5, 000847
11 03:17, 040101 =>  050201,  16, 000005
11 04:17, 150101 =>  150601,  37, 000118
11 05:33, 040101 =>  080101,  47, 000106
11 06:26, 040101 =>  080201,  33, 000597
11 07:06, 150101 =>  021101,  25, 000793
11 07:43, 150101 =>  021001,  23, 000009
11 08:38, 040101 =>  030301,  34, 000640
11 09:17, 130101 =>  220701,  24, 000908
11 09:50, 040101 =>  080701,  20, 000447
11 10:09, 150101 =>  150701,  12, 000046
11 10:54, 150101 =>  090401,  28, 000957
11 11:09, 040101 =>  050201,   9, 000178
11 12:17, 150101 =>  021101,  42, 000768
11 12:56, 130101 =>  061301,  24, 000785
11 13:59, 150101 =>  090401,  39, 000395
11 14:13, 040101 =>  250201,   9, 000615
11 14:18, 040101 =>  210701,   3, 000362
11 15:18, 150101 =>  100101,  37, 000876
11 16:00, 150101 =>  100101,  26, 000592
11 16:06, 040101 =>  210301,   4, 000271
11 16:27, 150101 =>  100801,  13, 000802
11 17:16, 130101 =>  200201,  30, 000102
11 17:22, 040101 =>  210601,   4, 000977
11 17:38, 150101 =>  100801,  10, 000498
11 17:56, 130101 =>  010401,  11, 000718
11 18:17, 150101 =>  120501,  13, 000218
11 18:27, 130101 =>  010301,   6, 000391
11 18:35, 150101 =>  021901,   5, 000406
11 18:43, 150101 =>  090501,   5, 000792
11 18:58, 150101 =>  190301,   9, 000084
11 19:04, 040101 =>  050801,   4, 000343
11 19:12, 040101 =>  050501,   5, 000611
11 19:20, 150101 =>  100801,   5, 000283
11 19:25, 150101 =>  190101,   3, 000288
11 19:30, 150101 =>  020601,   3, 000840
11 19:40, 040101 =>  050401,   6, 000186
11 19:51, 130101 =>  220101,   7, 000718
11 20:02, 130101 =>  240201,   7, 000235
11 20:06, 150101 =>  100301,   2, 000615
11 20:18, 130101 =>  160401,   8, 000122
12 00:55, 130101 =>  240301,  34, 000709
12 02:04, 040101 =>  030601,  42, 000543
12 02:58, 150101 =>  020401,  33, 000356
12 03:53, 040101 =>  210301,  34, 000576
12 06:30, 150101 =>  100401,  96, 000679
12 07:01, 130101 =>  140101,  19, 000111
12 08:18, 040101 =>  050701,  47, 000053
12 08:55, 150101 =>  150701,  23, 000668
12 09:48, 040101 =>  250301,  32, 000165
12 10:15, 150101 =>  150201,  17, 000384
12 10:35, 150101 =>  100501,  12, 000233
12 11:57, 150101 =>  100501,  50, 000425
12 12:44, 130101 =>  200501,  29, 000510
12 13:35, 150101 =>  150901,  31, 000950
12 14:12, 040101 =>  050601,  23, 000248
12 14:58, 150101 =>  070101,  28, 000904
12 15:29, 040101 =>  081001,  19, 000963
12 15:52, 040101 =>  170301,  14, 000510
12 16:24, 150101 =>  100101,  20, 000128
12 16:33, 040101 =>  040501,   5, 000598
12 17:13, 130101 =>  160601,  25, 000145
12 17:40, 150101 =>  022001,  16, 000687
12 17:51, 040101 =>  250201,   7, 000624
12 18:29, 150101 =>  150501,  23, 000997
12 18:45, 150101 =>  100401,  10, 000397
12 18:58, 150101 =>  120501,   8, 000175
12 19:09, 040101 =>  030701,   7, 000065
12 19:16, 040101 =>  040301,   4, 000009
12 19:22, 040101 =>  050801,   4, 000858
12 19:34, 150101 =>  150401,   7, 000586
12 19:52, 130101 =>  160101,  11, 000908
12 19:57, 040101 =>  030101,   3, 000789
13 02:41, 150101 =>  021801, 100, 000405
13 05:12, 150101 =>  020301,  93, 000208
13 06:15, 150101 =>  021601,  39, 000157
13 06:44, 150101 =>  120101,  18, 000693
13 07:16, 150101 =>  120601,  20, 000151
13 07:47, 150101 =>  150201,  19, 000489
13 08:30, 040101 =>  080501,  27, 000776
13 08:59, 150101 =>  120601,  18, 000380
13 09:09, 040101 =>  230301,   6, 000515
13 09:53, 040101 =>  230201,  27, 000572
13 10:09, 040101 =>  050801,  10, 000856
13 11:19, 040101 =>  230301,  43, 000855
13 12:07, 040101 =>  210401,  30, 000037
13 12:18, 150101 =>  150701,   7, 000806
13 12:34, 130101 =>  220501,  10, 000423
13 12:49, 150101 =>  150601,   9, 000016
13 13:12, 150101 =>  101101,  14, 000931
13 13:33, 150101 =>  020701,  13, 000947
13 13:41, 150101 =>  150401,   5, 000473
13 13:54, 150101 =>  020501,   8, 000224
13 14:39, 040101 =>  211301,  28, 000380
13 14:58, 150101 =>  021301,  12, 000613
13 15:06, 040101 =>  030601,   5, 000641
13 15:36, 040101 =>  030401,  18, 000876
13 15:58, 040101 =>  210401,  14, 000963
13 16:06, 040101 =>  081301,   5, 000931
13 16:11, 040101 =>  211201,   3, 000574
13 16:18, 040101 =>  050201,   4, 000541
13 16:35, 150101 =>  021501,  11, 000976
13 16:47, 150101 =>  150901,   7, 000687
13 17:13, 130101 =>  061201,  16, 000731
13 17:22, 150101 =>  020901,   6, 000105
13 17:29, 150101 =>  190201,   4, 000740
13 17:37, 040101 =>  080401,   5, 000515
13 17:42, 150101 =>  190201,   3, 000130
13 17:47, 040101 =>  040701,   3, 000009
13 17:56, 040101 =>  050301,   6, 000827
13 18:01, 040101 =>  050101,   3, 000817
14 00:28, 150101 =>  020101,  18, 000747
14 02:16, 040101 =>  081201,  68, 000502
14 04:49, 150101 =>  070101,  97, 000205
14 07:10, 150101 =>  021401,  89, 000721
14 08:52, 150101 =>  190201,  64, 000514
14 09:44, 150101 =>  090501,  33, 000917
14 10:39, 130101 =>  140201,  35, 000606
14 11:03, 150101 =>  100701,  15, 000370
14 12:30, 040101 =>  210101,  55, 000013
14 12:52, 040101 =>  040201,  14, 000563
14 13:30, 150101 =>  022001,  24, 000046
14 14:10, 150101 =>  020701,  25, 000727
14 15:12, 130101 =>  220201,  39, 000249
14 15:23, 130101 =>  010601,   7, 000675
14 15:42, 150101 =>  021101,  12, 000098
14 15:50, 150101 =>  090401,   5, 000480
14 16:07, 040101 =>  210901,  11, 000874
14 16:13, 150101 =>  090601,   4, 000205
14 16:26, 130101 =>  010601,   8, 000958
14 16:37, 150101 =>  150501,   7, 000223
14 16:47, 040101 =>  040301,   6, 000180
14 16:54, 150101 =>  190301,   5, 000286
14 17:06, 130101 =>  010401,   7, 000688
14 17:18, 150101 =>  150801,   8, 000311
14 17:23, 150101 =>  090701,   3, 000396
14 17:37, 130101 =>  220801,   9, 000001
14 18:17, 040101 =>  040401,  25, 000807
14 18:23, 150101 =>  100401,   4, 000513
14 18:25, 150101 =>  150401,   1, 000072
15 00:04, 150101 =>  090201,   3, 000526
15 01:10, 150101 =>  021301,  42, 000277
15 02:06, 130101 =>  060601,  36, 000512
15 03:47, 040101 =>  040801,  64, 000594
15 04:18, 130101 =>  060201,  20, 000153
15 06:05, 150101 =>  120801,  68, 000321
15 07:06, 150101 =>  120701,  39, 000823
15 08:49, 150101 =>  110401,  66, 000039
15 10:00, 150101 =>  090401,  45, 000920
15 10:23, 150101 =>  100501,  15, 000547
15 10:54, 130101 =>  220901,  20, 000577
15 11:15, 040101 =>  030501,  13, 000632
15 11:46, 150101 =>  150201,  20, 000390
15 12:27, 150101 =>  150501,  26, 000384
15 13:04, 150101 =>  110501,  24, 000372
15 13:44, 150101 =>  190101,  25, 000194
15 14:04, 150101 =>  021201,  13, 000830
15 14:12, 150101 =>  020801,   5, 000201
15 14:42, 040101 =>  250101,  19, 000242
15 14:49, 150101 =>  150601,   5, 000163
15 14:54, 150101 =>  110401,   3, 000962
15 15:00, 150101 =>  100701,   4, 000418
15 15:07, 150101 =>  021401,   4, 000883
15 15:54, 040101 =>  030701,  30, 000182
15 16:44, 040101 =>  081101,  32, 000495
15 17:28, 040101 =>  050601,  28, 000580
15 17:43, 040101 =>  040401,  10, 000398
15 18:08, 040101 =>  180301,  16, 000007
15 18:15, 150101 =>  120101,   4, 000394
15 18:22, 040101 =>  170101,   5, 000518
15 19:00, 130101 =>  060701,  24, 000874
15 19:33, 130101 =>  060201,  21, 000562
15 19:39, 150101 =>  090201,   4, 000229
15 19:45, 150101 =>  100101,   4, 000859
15 19:56, 040101 =>  040801,   7, 000690
15 20:17, 130101 =>  221001,  13, 000760
15 20:23, 040101 =>  080101,   4, 000534
15 20:26, 150101 =>  110301,   2, 000316
15 20:47, 130101 =>  131201,  13, 000930
15 20:53, 040101 =>  030201,   4, 000525
16 01:59, 150101 =>  150201,  76, 000073
16 02:31, 130101 =>  060301,  21, 000068
16 04:04, 150101 =>  020701,  59, 000473
16 04:26, 150101 =>  100701,  14, 000848
16 05:24, 150101 =>  100201,  37, 000207
16 05:44, 150101 =>  120801,  13, 000895
16 07:01, 040101 =>  081201,  49, 000881
16 07:51, 130101 =>  240201,  32, 000138
16 08:02, 040101 =>  210501,   7, 000469
16 08:38, 150101 =>  100901,  23, 000170
16 10:06, 040101 =>  051001,  56, 000728
16 11:07, 040101 =>  211101,  39, 000175
16 11:12, 040101 =>  210501,   3, 000310
16 11:45, 150101 =>  020201,  21, 000989
16 12:25, 150101 =>  110401,  26, 000695
16 12:38, 040101 =>  080601,   8, 000721
16 13:50, 150101 =>  020101,  46, 000921
16 14:15, 150101 =>  020201,  16, 000964
16 14:49, 130101 =>  140101,  22, 000449
16 14:56, 130101 =>  060601,   4, 000625
16 15:13, 130101 =>  060501,  11, 000017
16 15:57, 040101 =>  040801,  28, 000078
16 16:12, 040101 =>  210601,  10, 000157
16 16:50, 150101 =>  021001,  24, 000561
16 17:04, 130101 =>  061201,   9, 000429
16 17:21, 040101 =>  040301,  11, 000589
16 17:34, 040101 =>  180301,   8, 000736
16 17:43, 040101 =>  081201,   6, 000977
16 18:11, 130101 =>  010401,  18, 000511
16 18:26, 130101 =>  061001,   9, 000316
16 18:55, 150101 =>  100301,  19, 000364
16 19:11, 150101 =>  090301,  10, 000977
16 19:33, 130101 =>  060901,  14, 000338
16 19:41, 150101 =>  120701,   5, 000786
16 19:55, 040101 =>  170301,   9, 000737
16 20:00, 130101 =>  061301,   3, 000554
16 20:17, 150101 =>  150401,  11, 000905
16 20:26, 040101 =>  210501,   6, 000016
16 20:36, 130101 =>  130501,   6, 000735
16 20:45, 040101 =>  080401,   6, 000060
16 20:54, 150101 =>  150201,   6, 000889
16 20:59, 040101 =>  080201,   3, 000355
16 21:04, 150101 =>  120301,   3, 000735
16 21:12, 150101 =>  020801,   5, 000406
16 21:16, 040101 =>  050801,   3, 000654
16 21:24, 150101 =>  020301,   5, 000863
17 01:48, 040101 =>  081001,  70, 000904
17 02:31, 150101 =>  021201,  28, 000356
17 03:49, 150101 =>  120401,  50, 000804
17 05:51, 150101 =>  100901,  79, 000349
17 07:01, 040101 =>  230201,  45, 000854
17 07:09, 150101 =>  020301,   5, 000808
17 07:58, 150101 =>  120401,  32, 000839
17 08:14, 130101 =>  010201,  10, 000787
17 09:16, 040101 =>  050901,  40, 000603
17 10:18, 150101 =>  090401,  40, 000322
17 10:44, 040101 =>  210601,  17, 000766
17 11:11, 150101 =>  090701,  17, 000958
17 11:42, 040101 =>  040401,  20, 000834
17 12:31, 150101 =>  021401,  32, 000163
17 13:38, 150101 =>  021901,  43, 000066
17 14:14, 150101 =>  150601,  23, 000664
17 14:46, 040101 =>  080101,  21, 000451
17 15:37, 130101 =>  010701,  33, 000420
17 15:56, 150101 =>  101101,  12, 000058
17 16:24, 130101 =>  130301,  18, 000679
17 16:33, 150101 =>  101101,   6, 000614
17 16:58, 150101 =>  150401,  16, 000932
17 17:04, 040101 =>  051101,   4, 000672
17 17:20, 150101 =>  120701,  10, 000570
17 17:37, 040101 =>  250101,  11, 000469
17 17:51, 150101 =>  021401,   9, 000171
17 18:06, 150101 =>  020901,  10, 000051
17 18:15, 150101 =>  020501,   6, 000547
17 18:25, 130101 =>  060701,   6, 000751
17 18:36, 040101 =>  040201,   7, 000694
17 18:40, 150101 =>  021401,   3, 000371
17 18:45, 150101 =>  100401,   3, 000622
18 00:41, 150101 =>  190201,  27, 000484
18 02:13, 150101 =>  150401,  59, 000789
18 03:16, 130101 =>  130801,  41, 000241
18 04:32, 040101 =>  230201,  49, 000344
18 06:13, 150101 =>  100901,  65, 000746
18 07:41, 150101 =>  110101,  57, 000426
18 08:36, 040101 =>  080901,  35, 000709
18 09:14, 040101 =>  211301,  25, 000783
18 10:12, 130101 =>  160501,  37, 000724
18 11:35, 150101 =>  021001,  54, 000663
18 12:24, 150101 =>  021201,  31, 000649
18 12:55, 040101 =>  081301,  20, 000916
18 13:05, 130101 =>  060301,   7, 000745
18 13:29, 150101 =>  090101,  15, 000327
18 14:04, 150101 =>  100401,  23, 000568
18 14:18, 150101 =>  190101,   9, 000020
18 14:28, 150101 =>  100701,   6, 000892
18 15:14, 040101 =>  170101,  30, 000381
18 15:37, 040101 =>  051001,  15, 000182
18 16:14, 150101 =>  090601,  24, 000775
18 16:25, 150101 =>  120801,   7, 000099
18 16:50, 150101 =>  020701,  16, 000766
18 17:03, 040101 =>  170201,   8, 000417
18 17:30, 130101 =>  010201,  18, 000297
18 17:43, 150101 =>  090401,   8, 000407
18 17:49, 150101 =>  101001,   4, 000641
18 18:03, 040101 =>  080801,   9, 000462
18 18:14, 150101 =>  020201,   7, 000454
18 18:26, 130101 =>  140201,   8, 000562
18 18:36, 150101 =>  100801,   6, 000115
18 19:00, 040101 =>  080201,  16, 000179
18 19:05, 150101 =>  120801,   3, 000952
18 19:28, 130101 =>  140301,  15, 000640
18 19:33, 150101 =>  110301,   3, 000569
18 19:44, 130101 =>  200101,   7, 000305
18 19:59, 040101 =>  030301,  10, 000794
19 00:33, 130101 =>  220401,  22, 000734
19 01:15, 040101 =>  050201,  28, 000934
19 01:40, 130101 =>  060301,  16, 000616
19 02:11, 150101 =>  022001,  21, 000630
19 03:32, 040101 =>  210601,  53, 000679
19 05:26, 150101 =>  090201,  75, 000971
19 06:35, 150101 =>  090401,  46, 000625
19 07:44, 150101 =>  020401,  45, 000588
19 08:08, 040101 =>  040301,  16, 000414
19 08:46, 150101 =>  020801,  25, 000350
19 09:34, 130101 =>  010601,  32, 000682
19 10:09, 150101 =>  020401,  23, 000138
19 11:40, 150101 =>  120901,  60, 000866
19 12:12, 150101 =>  120401,  21, 000849
19 12:53, 150101 =>  100901,  27, 000964
19 13:37, 150101 =>  120201,  29, 000134
19 13:43, 150101 =>  101001,   4, 000113
19 14:07, 150101 =>  150601,  16, 000023
19 14:45, 130101 =>  010201,  25, 000732
19 15:02, 130101 =>  200401,  11, 000576
19 15:34, 040101 =>  230401,  21, 000331
19 15:49, 150101 =>  090701,  10, 000263
19 16:06, 150101 =>  110401,  11, 000371
19 16:34, 040101 =>  210401,  19, 000361
19 17:03, 040101 =>  230301,  19, 000497
19 17:23, 040101 =>  050301,  13, 000402
19 17:31, 150101 =>  021501,   5, 000131
19 18:15, 040101 =>  230301,  29, 000491
19 18:24, 150101 =>  090201,   6, 000882
19 18:30, 150101 =>  120301,   4, 000068
19 18:34, 150101 =>  150301,   3, 000177
20 00:16, 130101 =>  130601,  11, 000356
20 02:34, 150101 =>  021301,  93, 000163
20 03:12, 150101 =>  021901,  26, 000537
20 03:32, 130101 =>  140201,  13, 000739
20 04:40, 150101 =>  021701,  46, 000757
20 04:44, 150101 =>  021601,   3, 000481
20 06:18, 150101 =>  110101,  63, 000051
20 06:22, 130101 =>  131101,   3, 000850
20 06:43, 150101 =>  151001,  14, 000439
20 07:48, 150101 =>  090701,  44, 000794
20 07:57, 040101 =>  050501,   6, 000498
20 08:56, 150101 =>  150301,  40, 000120
20 09:14, 150101 =>  090201,  12, 000451
20 09:57, 150101 =>  100601,  29, 000294
20 10:46, 130101 =>  010701,  33, 000496
20 11:16, 150101 =>  100601,  20, 000321
20 11:32, 150101 =>  120401,  11, 000774
20 11:47, 130101 =>  010401,  10, 000158
20 12:03, 150101 =>  020901,  11, 000008
20 12:12, 150101 =>  100401,   6, 000670
20 12:36, 130101 =>  240301,  16, 000726
20 13:40, 040101 =>  081301,  43, 000571
20 13:44, 130101 =>  130401,   3, 000084
20 14:15, 130101 =>  200801,  21, 000725
20 15:44, 040101 =>  210301,  60, 000862
20 15:50, 040101 =>  030501,   4, 000396
20 16:48, 040101 =>  030201,  39, 000210
20 17:06, 130101 =>  060201,  12, 000814
20 17:15, 150101 =>  021701,   6, 000963
20 18:04, 040101 =>  030701,  33, 000313
20 18:08, 150101 =>  120301,   3, 000942
20 18:17, 150101 =>  150501,   6, 000309
20 18:32, 040101 =>  050601,  10, 000794
20 19:05, 040101 =>  080601,  22, 000937
20 19:12, 150101 =>  100101,   5, 000576
20 19:17, 150101 =>  110101,   3, 000307
21 00:42, 130101 =>  160401,  28, 000571
21 01:10, 130101 =>  240101,  19, 000896
21 02:06, 150101 =>  110401,  37, 000469
21 02:46, 150101 =>  100301,  27, 000138
21 03:01, 150101 =>  020801,  10, 000280
21 04:57, 040101 =>  050901,  77, 000970
21 05:54, 130101 =>  240301,  38, 000694
21 07:03, 150101 =>  110101,  46, 000308
21 07:27, 130101 =>  160101,  16, 000913
21 08:43, 040101 =>  030701,  51, 000436
21 08:57, 150101 =>  021701,   9, 000714
21 09:07, 150101 =>  100601,   7, 000043
21 09:31, 150101 =>  020601,  16, 000920
21 09:51, 130101 =>  140101,  13, 000018
21 10:04, 040101 =>  040401,   9, 000838
21 11:13, 150101 =>  110401,  46, 000162
21 11:21, 150101 =>  190201,   5, 000598
21 12:58, 150101 =>  101001,  65, 000627
21 13:25, 130101 =>  010501,  18, 000424
21 13:39, 040101 =>  040601,   9, 000162
21 14:04, 150101 =>  021001,  17, 000192
21 14:24, 130101 =>  140201,  13, 000344
21 15:28, 150101 =>  090401,  43, 000944
21 16:09, 150101 =>  110201,  27, 000229
21 16:48, 150101 =>  150601,  26, 000631
21 16:54, 130101 =>  200501,   4, 000083
21 17:07, 150101 =>  021501,   9, 000306
21 17:25, 150101 =>  110101,  12, 000102
21 17:52, 040101 =>  040501,  18, 000709
21 18:12, 150101 =>  120501,  13, 000598
21 18:18, 150101 =>  100901,   4, 000455
21 18:25, 150101 =>  021801,   5, 000278
21 18:34, 150101 =>  190201,   6, 000929
21 19:16, 040101 =>  250301,  28, 000746
21 19:24, 040101 =>  030101,   5, 000090
21 19:39, 130101 =>  200401,  10, 000040
21 19:45, 150101 =>  020401,   4, 000678
21 19:51, 150101 =>  090501,   4, 000087
21 19:58, 040101 =>  081301,   5, 000069
21 20:00, 150101 =>  021601,   1, 000123
22 01:25, 040101 =>  211101,  58, 000718
22 02:22, 150101 =>  100501,  39, 000685
22 03:40, 150101 =>  150301,  53, 000449
22 03:50, 040101 =>  080701,   7, 000957
22 04:18, 150101 =>  021701,  19, 000527
22 05:16, 130101 =>  130901,  40, 000816
22 05:54, 150101 =>  150701,  26, 000605
22 06:22, 040101 =>  210401,  19, 000935
22 06:52, 150101 =>  090101,  20, 000921
22 07:52, 150101 =>  021201,  41, 000127
22 08:24, 130101 =>  130201,  22, 000390
22 09:18, 040101 =>  030301,  37, 000188
22 09:26, 040101 =>  230301,   5, 000288
22 10:23, 040101 =>  030401,  39, 000414
22 11:08, 150101 =>  100901,  31, 000386
22 11:38, 150101 =>  090701,  20, 000059
22 11:48, 040101 =>  180301,   7, 000027
22 12:03, 150101 =>  090101,  10, 000382
22 12:47, 040101 =>  030601,  30, 000889
22 12:51, 130101 =>  130901,   3, 000360
22 13:13, 040101 =>  211001,  15, 000112
22 13:42, 130101 =>  061001,  20, 000225
22 14:45, 150101 =>  090701,  43, 000955
22 15:00, 150101 =>  021301,  10, 000675
22 16:03, 150101 =>  090701,  43, 000093
22 16:41, 150101 =>  120601,  26, 000792
22 16:54, 150101 =>  120801,   9, 000277
22 17:19, 040101 =>  250301,  17, 000095
22 17:38, 150101 =>  101101,  13, 000411
22 17:53, 150101 =>  020801,  10, 000446
22 18:00, 150101 =>  100601,   5, 000672
22 18:15, 150101 =>  100301,  10, 000931
22 18:25, 150101 =>  101001,   7, 000689
22 18:39, 040101 =>  030401,   9, 000577
22 18:49, 040101 =>  230201,   7, 000597
22 18:56, 150101 =>  150901,   5, 000685
22 19:04, 150101 =>  120101,   5, 000341
22 19:08, 150101 =>  190201,   3, 000138
23 01:20, 150101 =>  020801,  55, 000821
23 02:19, 040101 =>  080301,  40, 000193
23 04:31, 150101 =>  120101,  90, 000637
23 05:38, 130101 =>  061001,  46, 000953
23 06:40, 150101 =>  150601,  42, 000710
23 07:05, 130101 =>  010201,  17, 000709
23 07:43, 040101 =>  230101,  26, 000916
23 07:52, 150101 =>  120901,   6, 000293
23 08:43, 040101 =>  080701,  35, 000314
23 09:27, 150101 =>  100201,  30, 000865
23 10:24, 040101 =>  250201,  39, 000513
23 10:54, 040101 =>  081001,  20, 000609
23 11:07, 150101 =>  100301,   9, 000282
23 11:57, 130101 =>  200101,  34, 000514
23 12:23, 040101 =>  081101,  18, 000950
23 13:03, 040101 =>  230301,  27, 000488
23 13:34, 150101 =>  190201,  21, 000773
23 14:15, 150101 =>  090401,  28, 000921
23 14:45, 150101 =>  151001,  21, 000128
23 15:26, 150101 =>  150601,  28, 000811
23 15:38, 130101 =>  220101,   8, 000314
23 15:54, 130101 =>  140201,  11, 000465
23 16:15, 040101 =>  080901,  14, 000585
23 16:57, 150101 =>  150801,  29, 000665
23 17:38, 150101 =>  020601,  28, 000130
23 17:53, 150101 =>  120601,  10, 000092
23 17:59, 150101 =>  020201,   4, 000651
23 18:05, 040101 =>  081301,   4, 000790
23 18:28, 150101 =>  110501,  16, 000131
23 18:36, 150101 =>  110101,   5, 000378
23 18:42, 150101 =>  021801,   4, 000950
23 18:53, 040101 =>  050201,   8, 000763
23 19:04, 040101 =>  250401,   7, 000912
23 19:12, 040101 =>  210201,   6, 000675
23 19:26, 150101 =>  120401,   9, 000169
23 19:30, 130101 =>  061301,   3, 000104
23 19:40, 150101 =>  120801,   7, 000162
23 19:46, 150101 =>  090701,   4, 000860
23 19:52, 040101 =>  050401,   4, 000832
23 19:58, 040101 =>  170101,   4, 000765
23 20:07, 040101 =>  080401,   6, 000322
23 20:10, 150101 =>  190301,   2, 000828
24 01:08, 150101 =>  100101,  47, 000770
24 01:22, 130101 =>  130901,  10, 000126
24 02:42, 040101 =>  230101,  55, 000231
24 02:46, 150101 =>  100901,   3, 000926
24 03:33, 040101 =>  030501,  32, 000748
24 03:59, 040101 =>  170101,  18, 000489
24 05:08, 150101 =>  020101,  48, 000619
24 05:48, 150101 =>  100301,  27, 000887
24 07:38, 150101 =>  110101,  76, 000889
24 08:30, 130101 =>  160401,  36, 000544
24 09:00, 150101 =>  100101,  21, 000277
24 09:35, 040101 =>  210801,  24, 000322
24 10:38, 040101 =>  230201,  43, 000903
24 11:21, 130101 =>  010401,  30, 000888
24 11:41, 040101 =>  210501,  14, 000084
24 12:42, 150101 =>  021401,  42, 000983
24 13:58, 150101 =>  090401,  52, 000492
24 14:21, 150101 =>  120701,  16, 000698
24 14:45, 040101 =>  050201,  17, 000752
24 15:17, 150101 =>  021001,  22, 000275
24 15:28, 150101 =>  150501,   7, 000761
24 15:57, 150101 =>  190201,  20, 000658
24 16:26, 150101 =>  190301,  20, 000053
24 16:33, 040101 =>  081301,   5, 000180
24 17:05, 130101 =>  010201,  22, 000365
24 17:31, 130101 =>  220501,  18, 000920
24 17:42, 150101 =>  100301,   8, 000403
24 18:03, 130101 =>  060801,  14, 000856
24 18:22, 150101 =>  150801,  13, 000009
24 18:37, 040101 =>  250301,  11, 000548
24 18:55, 040101 =>  080101,  12, 000456
24 19:06, 040101 =>  081301,   8, 000924
24 19:21, 040101 =>  170301,  10, 000712
24 19:28, 040101 =>  080101,   5, 000288
24 19:38, 040101 =>  040501,   7, 000476
24 19:43, 150101 =>  110401,   3, 000807
24 19:49, 150101 =>  020301,   4, 000626
24 19:54, 040101 =>  210801,   4, 000896
24 20:02, 150101 =>  120801,   5, 000655
24 20:19, 130101 =>  010101,  12, 000068
24 20:29, 150101 =>  020201,   7, 000117
24 20:33, 040101 =>  180201,   3, 000523
24 20:39, 150101 =>  120501,   4, 000418
24 20:45, 150101 =>  100201,   4, 000447
24 20:54, 130101 =>  010401,   6, 000827
24 20:57, 040101 =>  030301,   2, 000470
24 21:01, 150101 =>  021501,   3, 000784
24 21:16, 130101 =>  160401,  10, 000688
25 00:04, 130101 =>  130401,   3, 000992
25 02:11, 150101 =>  120501,  88, 000178
25 04:35, 150101 =>  020601,  99, 000128
25 05:59, 150101 =>  120501,  58, 000700
25 06:22, 130101 =>  010501,  16, 000331
25 07:22, 150101 =>  020601,  41, 000953
25 07:28, 130101 =>  240201,   4, 000221
25 08:20, 150101 =>  120601,  36, 000661
25 08:46, 040101 =>  210701,  18, 000240
25 09:12, 040101 =>  040401,  18, 000722
25 09:41, 130101 =>  140101,  20, 000970
25 10:22, 150101 =>  020201,  28, 000647
25 10:49, 150101 =>  150601,  19, 000802
25 11:25, 150101 =>  120901,  25, 000264
25 12:07, 040101 =>  050501,  29, 000814
25 12:31, 150101 =>  120201,  16, 000584
25 12:36, 150101 =>  190201,   4, 000865
25 12:54, 150101 =>  100501,  12, 000500
25 13:13, 130101 =>  010101,  13, 000542
25 14:41, 040101 =>  211001,  61, 000832
25 15:48, 040101 =>  180301,  46, 000738
25 16:02, 150101 =>  110401,  10, 000624
25 16:30, 040101 =>  250101,  19, 000382
25 16:36, 150101 =>  090101,   4, 000623
25 16:41, 150101 =>  021301,   4, 000033
25 16:47, 150101 =>  090701,   4, 000279
25 16:59, 130101 =>  220301,   8, 000210
25 17:05, 150101 =>  021601,   4, 000622
25 17:09, 150101 =>  090301,   3, 000663
26 01:31, 040101 =>  250201,  64, 000032
26 02:30, 130101 =>  010101,  41, 000685
26 03:53, 150101 =>  090401,  58, 000995
26 05:56, 150101 =>  020401,  86, 000527
26 06:45, 040101 =>  211301,  34, 000570
26 07:05, 040101 =>  081001,  14, 000089
26 07:57, 150101 =>  020901,  36, 000733
26 08:50, 040101 =>  210501,  37, 000645
26 09:36, 150101 =>  150901,  32, 000746
26 09:50, 040101 =>  040601,  10, 000559
26 11:32, 150101 =>  070101,  71, 000479
26 11:43, 040101 =>  050901,   8, 000079
26 13:04, 150101 =>  021401,  56, 000061
26 13:16, 040101 =>  050701,   9, 000369
26 13:39, 130101 =>  160101,  16, 000619
26 14:20, 150101 =>  100801,  28, 000321
26 15:04, 130101 =>  131201,  31, 000419
26 15:35, 130101 =>  060601,  22, 000921
26 15:40, 150101 =>  100501,   3, 000944
26 16:00, 130101 =>  160601,  14, 000080
26 16:30, 150101 =>  150201,  21, 000550
26 16:54, 150101 =>  120701,  17, 000206
26 17:13, 040101 =>  080701,  13, 000615
26 17:27, 040101 =>  080301,  10, 000087
26 17:33, 150101 =>  120801,   4, 000992
26 17:55, 150101 =>  020901,  15, 000750
26 18:22, 040101 =>  080601,  19, 000903
26 18:33, 040101 =>  080801,   8, 000446
26 18:43, 150101 =>  120901,   7, 000857
26 18:50, 150101 =>  190301,   5, 000562
26 19:13, 040101 =>  211201,  16, 000884
26 19:23, 150101 =>  020501,   7, 000692
26 19:29, 150101 =>  190301,   4, 000102
26 19:41, 130101 =>  140201,   8, 000271
26 19:49, 150101 =>  100501,   6, 000995
26 19:53, 150101 =>  021001,   3, 000179
26 20:02, 130101 =>  160101,   6, 000104
26 20:06, 040101 =>  081001,   3, 000752
27 00:09, 150101 =>  110201,   7, 000711
27 01:31, 130101 =>  220901,  58, 000127
27 02:21, 150101 =>  150901,  36, 000940
27 03:10, 130101 =>  160101,  35, 000221
27 05:22, 150101 =>  020701,  94, 000534
27 05:54, 130101 =>  010601,  23, 000784
27 07:09, 150101 =>  190301,  54, 000586
27 08:50, 040101 =>  080501,  72, 000523
27 09:01, 130101 =>  010701,   8, 000488
27 09:10, 130101 =>  160501,   6, 000541
27 10:20, 040101 =>  040301,  50, 000460
27 10:41, 130101 =>  061001,  15, 000529
27 10:45, 130101 =>  060401,   3, 000911
27 11:48, 150101 =>  100301,  45, 000315
27 12:54, 040101 =>  080201,  47, 000643
27 14:30, 150101 =>  150901,  69, 000137
27 14:54, 040101 =>  210101,  17, 000636
27 15:35, 150101 =>  021201,  29, 000519
27 16:31, 150101 =>  021101,  40, 000495
27 16:45, 040101 =>  040601,  10, 000067
27 17:13, 150101 =>  120301,  20, 000773
27 17:17, 150101 =>  120601,   3, 000102
27 17:46, 150101 =>  090501,  21, 000450
27 18:20, 040101 =>  250101,  24, 000546
27 18:35, 130101 =>  060301,  11, 000045
27 18:45, 040101 =>  051001,   7, 000281
27 19:12, 040101 =>  081301,  19, 000513
27 19:23, 040101 =>  081101,   8, 000673
27 19:30, 150101 =>  110401,   5, 000034
27 19:41, 040101 =>  050101,   8, 000092
27 19:51, 150101 =>  021001,   7, 000064
27 19:58, 040101 =>  050901,   5, 000675
27 20:09, 150101 =>  020801,   8, 000730
27 20:18, 040101 =>  211001,   6, 000323
27 20:22, 040101 =>  080501,   3, 000117
27 20:37, 150101 =>  020401,  11, 000694
27 20:43, 150101 =>  021101,   4, 000280
27 20:47, 040101 =>  250201,   3, 000609
27 20:55, 150101 =>  101001,   6, 000698
27 21:02, 150101 =>  100601,   5, 000078
27 21:08, 150101 =>  020801,   4, 000855
27 21:15, 130101 =>  130301,   5, 000613
27 21:18, 040101 =>  170201,   2, 000275
27 21:19, 150101 =>  101101,   1, 000775
28 00:32, 150101 =>  190201,  23, 000249
28 01:10, 150101 =>  020801,  27, 000828
28 01:35, 150101 =>  110401,  18, 000253
28 01:50, 150101 =>  020101,  11, 000474
28 02:10, 130101 =>  200101,  14, 000198
28 03:27, 040101 =>  040501,  55, 000748
28 03:30, 150101 =>  120701,   2, 000086
28 05:15, 150101 =>  020801,  75, 000211
28 05:22, 150101 =>  020401,   5, 000870
28 07:25, 150101 =>  020801,  88, 000909
28 09:01, 040101 =>  230301,  69, 000294
28 10:13, 150101 =>  190301,  51, 000874
28 10:42, 130101 =>  010101,  21, 000701
28 11:27, 130101 =>  130401,  32, 000450
28 12:01, 040101 =>  180101,  24, 000497
28 12:48, 150101 =>  021601,  34, 000596
28 13:29, 040101 =>  081101,  29, 000985
28 14:18, 150101 =>  090101,  35, 000964
28 14:25, 040101 =>  211201,   5, 000916
28 14:35, 150101 =>  070101,   7, 000261
28 14:49, 130101 =>  061001,  10, 000483
28 15:25, 150101 =>  021201,  26, 000728
28 15:49, 040101 =>  210901,  17, 000629
28 16:10, 130101 =>  130701,  15, 000960
28 16:14, 040101 =>  230101,   3, 000132
28 16:34, 150101 =>  021001,  14, 000890
28 17:02, 040101 =>  081301,  20, 000118
28 17:17, 040101 =>  080801,  11, 000441
28 17:31, 150101 =>  021401,  10, 000669
28 17:37, 040101 =>  081301,   4, 000129
28 17:55, 040101 =>  250401,  13, 000413
28 18:03, 150101 =>  150801,   6, 000855
28 18:17, 040101 =>  250401,  10, 000484
28 18:27, 150101 =>  090201,   7, 000589
28 18:31, 040101 =>  050801,   3, 000375
28 18:37, 150101 =>  090401,   4, 000017
28 18:47, 040101 =>  050401,   7, 000909
28 18:55, 150101 =>  020601,   6, 000740
28 19:24, 130101 =>  140201,  21, 000955
28 19:33, 150101 =>  100701,   6, 000590
28 19:37, 040101 =>  210501,   3, 000505
28 19:43, 150101 =>  120801,   4, 000947
28 19:48, 150101 =>  150601,   4, 000562
28 19:54, 040101 =>  050101,   4, 000203
28 20:11, 130101 =>  200801,  12, 000630
28 20:16, 150101 =>  021101,   4, 000297
28 20:19, 150101 =>  150501,   2, 000475
28 20:25, 040101 =>  210701,   4, 000735
29 02:07, 150101 =>  120101,  91, 000874
29 02:25, 130101 =>  010601,  13, 000210
29 03:42, 040101 =>  080201,  55, 000374
29 05:17, 150101 =>  022001,  68, 000282
29 06:47, 040101 =>  080901,  64, 000149
29 08:25, 150101 =>  120401,  70, 000711
29 10:07, 150101 =>  100601,  73, 000182
29 10:11, 040101 =>  050401,   3, 000030
29 10:44, 150101 =>  120801,  23, 000908
29 10:48, 130101 =>  220501,   3, 000092
29 11:44, 150101 =>  022001,  40, 000872
29 12:37, 040101 =>  210601,  38, 000708
29 13:13, 150101 =>  020601,  26, 000154
29 13:39, 150101 =>  150401,  18, 000187
29 13:51, 150101 =>  100301,   9, 000105
29 14:05, 150101 =>  110501,  10, 000561
29 14:25, 130101 =>  130701,  14, 000340
29 14:47, 150101 =>  070101,  16, 000960
29 15:04, 130101 =>  160401,  12, 000713
29 15:24, 040101 =>  050301,  14, 000617
29 15:28, 130101 =>  160701,   3, 000331
29 15:40, 150101 =>  021901,   9, 000307
29 16:10, 130101 =>  130801,  21, 000172
29 16:21, 150101 =>  120901,   8, 000918
29 16:28, 150101 =>  100801,   5, 000687
29 16:34, 150101 =>  150701,   4, 000473
29 16:43, 130101 =>  061101,   7, 000591
29 16:46, 150101 =>  100701,   2, 000687
30 02:13, 150101 =>  120401,  98, 000897
30 02:48, 150101 =>  110201,  25, 000021
30 04:27, 040101 =>  080801,  73, 000756
30 05:52, 040101 =>  080601,  62, 000376
30 06:00, 130101 =>  130301,   6, 000785
30 08:12, 150101 =>  150301,  96, 000868
30 09:06, 040101 =>  030701,  40, 000069
30 09:29, 150101 =>  100701,  17, 000677
30 10:23, 150101 =>  150801,  39, 000923
30 10:27, 040101 =>  081301,   3, 000611
30 11:11, 130101 =>  140101,  32, 000543
30 11:27, 130101 =>  060701,  12, 000290
30 11:35, 130101 =>  160401,   6, 000538
30 11:46, 040101 =>  210601,   8, 000222
30 12:59, 150101 =>  120401,  53, 000155
30 13:16, 150101 =>  090101,  13, 000021
30 14:03, 150101 =>  100401,  34, 000818
30 14:10, 150101 =>  021701,   5, 000395
30 14:21, 150101 =>  021501,   8, 000093
30 15:00, 150101 =>  110201,  29, 000257
30 15:26, 150101 =>  151001,  19, 000266
30 15:45, 150101 =>  100201,  14, 000034
30 16:02, 150101 =>  150201,  12, 000835
30 16:24, 040101 =>  050801,  16, 000694
30 16:29, 150101 =>  070101,   4, 000859
30 16:55, 040101 =>  030101,  19, 000358
30 17:24, 040101 =>  040501,  21, 000656
30 17:39, 040101 =>  210701,  11, 000345
30 17:46, 040101 =>  180201,   5, 000231
30 17:51, 150101 =>  100801,   4, 000763
30 17:56, 040101 =>  050901,   4, 000626
30 18:09, 040101 =>  211301,   9, 000140
30 18:17, 150101 =>  101101,   6, 000423
30 18:21, 150101 =>  021001,   3, 000732
30 18:27, 040101 =>  050301,   4, 000640
