01 00:27, 040101 =>  230101,   4, 000786
01 02:01, 040101 =>  030501,  14, 000133
01 03:02, 150101 =>  100701,   9, 000066
01 03:23, 130101 =>  160701,   3, 000913
01 07:46, 150101 =>  110401,  18, 000495
01 09:21, 040101 =>  040601,  14, 000893
01 10:09, 040101 =>  040501,   7, 000815
01 10:36, 130101 =>  130501,   4, 000816
01 11:09, 150101 =>  090101,   5, 000298
01 11:43, 150101 =>  190101,   5, 000453
01 12:24, 040101 =>  081001,   6, 000923
01 13:45, 150101 =>  100801,  12, 000674
01 14:59, 150101 =>  090301,  11, 000330
01 15:20, 040101 =>  040701,   3, 000793
01 15:47, 150101 =>  100301,   4, 000017
01 16:14, 150101 =>  110201,   4, 000224
01 16:41, 150101 =>  021401,   4, 000196
01 17:08, 040101 =>  210401,   4, 000231
01 18:16, 130101 =>  160601,  10, 000455
01 18:36, 040101 =>  210901,   3, 000693
01 19:03, 150101 =>  100601,   4, 000493
01 19:10, 150101 =>  100501,   1, 000446
01 19:30, 040101 =>  210701,   3, 000846